[[[[  5.12259081e-02   4.87274900e-02]
   [  5.25255799e-02   5.53013086e-02]]

  [[  3.93070951e-02   3.16553824e-02]
   [  3.13832350e-02   3.14666778e-02]]

  [[  0.00000000e+00   0.00000000e+00]
   [  0.00000000e+00   0.00000000e+00]]

  [[  5.24373911e-02   6.35620505e-02]
   [  5.29081337e-02   6.84872568e-02]]

  [[  1.13335801e-02   1.87209249e-02]
   [  0.00000000e+00   1.40739344e-02]]

  [[  0.00000000e+00   0.00000000e+00]
   [  1.24335792e-02   0.00000000e+00]]

  [[  0.00000000e+00   0.00000000e+00]
   [  0.00000000e+00   0.00000000e+00]]

  [[  0.00000000e+00   0.00000000e+00]
   [  0.00000000e+00   0.00000000e+00]]

  [[  0.00000000e+00   1.55718084e-02]
   [  1.01911108e-04   9.11113620e-03]]

  [[  2.22804397e-02   0.00000000e+00]
   [  2.19834577e-02   0.00000000e+00]]

  [[  5.05806971e-03   0.00000000e+00]
   [  3.84825189e-03   0.00000000e+00]]

  [[  0.00000000e+00   0.00000000e+00]
   [  0.00000000e+00   0.00000000e+00]]

  [[  0.00000000e+00   4.68498794e-03]
   [  0.00000000e+00   5.84129104e-03]]

  [[  0.00000000e+00   0.00000000e+00]
   [  0.00000000e+00   0.00000000e+00]]

  [[  0.00000000e+00   0.00000000e+00]
   [  0.00000000e+00   0.00000000e+00]]

  [[  0.00000000e+00   9.13781300e-03]
   [  2.25434545e-04   2.04640198e-02]]

  [[  0.00000000e+00   0.00000000e+00]
   [  0.00000000e+00   0.00000000e+00]]

  [[  0.00000000e+00   0.00000000e+00]
   [  0.00000000e+00   0.00000000e+00]]

  [[  0.00000000e+00   1.23293558e-02]
   [  0.00000000e+00   1.71251781e-02]]

  [[  0.00000000e+00   0.00000000e+00]
   [  0.00000000e+00   0.00000000e+00]]

  [[  0.00000000e+00   0.00000000e+00]
   [  0.00000000e+00   0.00000000e+00]]

  [[  2.37261299e-02   2.58386601e-02]
   [  1.41050881e-02   2.27388330e-02]]

  [[  1.28908426e-01   1.29173130e-01]
   [  1.44732282e-01   1.40955240e-01]]

  [[  0.00000000e+00   0.00000000e+00]
   [  0.00000000e+00   0.00000000e+00]]

  [[  4.79894727e-02   3.81233171e-02]
   [  4.25333120e-02   3.39642800e-02]]

  [[  1.60626490e-02   4.51871827e-02]
   [  7.32751982e-03   5.11130504e-02]]

  [[  0.00000000e+00   0.00000000e+00]
   [  0.00000000e+00   0.00000000e+00]]

  [[  2.60926839e-02   8.76880996e-03]
   [  2.07478143e-02   1.05038108e-02]]

  [[  0.00000000e+00   1.00343209e-02]
   [  1.62629457e-03   1.55843701e-02]]

  [[  2.17535682e-02   9.24891140e-03]
   [  2.23362222e-02   1.50152463e-02]]

  [[  0.00000000e+00   0.00000000e+00]
   [  0.00000000e+00   0.00000000e+00]]

  [[  0.00000000e+00   0.00000000e+00]
   [  0.00000000e+00   0.00000000e+00]]

  [[  2.30198763e-02   5.67725534e-03]
   [  1.88220218e-02   0.00000000e+00]]

  [[  0.00000000e+00   0.00000000e+00]
   [  0.00000000e+00   0.00000000e+00]]

  [[  0.00000000e+00   0.00000000e+00]
   [  0.00000000e+00   0.00000000e+00]]

  [[  1.36687875e-01   1.42331928e-01]
   [  1.48628920e-01   1.46850899e-01]]

  [[  0.00000000e+00   0.00000000e+00]
   [  0.00000000e+00   0.00000000e+00]]

  [[  0.00000000e+00   0.00000000e+00]
   [  0.00000000e+00   0.00000000e+00]]

  [[  2.86087170e-02   3.55475992e-02]
   [  2.31862329e-02   3.49521525e-02]]

  [[  3.71750519e-02   2.69670412e-02]
   [  2.77034398e-02   2.20117643e-02]]

  [[  0.00000000e+00   2.67853728e-03]
   [  0.00000000e+00   2.82935286e-03]]

  [[  0.00000000e+00   0.00000000e+00]
   [  0.00000000e+00   0.00000000e+00]]

  [[  1.24627277e-02   9.13223252e-03]
   [  1.72669180e-02   8.26111063e-03]]

  [[  1.78885199e-02   0.00000000e+00]
   [  9.63850599e-03   0.00000000e+00]]

  [[  3.73361073e-03   0.00000000e+00]
   [  7.12048775e-03   0.00000000e+00]]

  [[  0.00000000e+00   0.00000000e+00]
   [  0.00000000e+00   0.00000000e+00]]

  [[  0.00000000e+00   0.00000000e+00]
   [  0.00000000e+00   0.00000000e+00]]

  [[  0.00000000e+00   0.00000000e+00]
   [  0.00000000e+00   0.00000000e+00]]

  [[  0.00000000e+00   0.00000000e+00]
   [  0.00000000e+00   0.00000000e+00]]

  [[  4.95114252e-02   3.90364900e-02]
   [  4.82611582e-02   3.77835482e-02]]

  [[  5.06350957e-02   3.00214551e-02]
   [  4.08586338e-02   1.85571127e-02]]

  [[  0.00000000e+00   0.00000000e+00]
   [  0.00000000e+00   0.00000000e+00]]

  [[  0.00000000e+00   0.00000000e+00]
   [  0.00000000e+00   0.00000000e+00]]

  [[  0.00000000e+00   1.53089315e-02]
   [  0.00000000e+00   1.64629966e-02]]

  [[  2.78089289e-02   1.66300721e-02]
   [  2.78232396e-02   1.06187407e-02]]

  [[  8.51794481e-02   6.42443895e-02]
   [  9.45233330e-02   7.17318356e-02]]

  [[  0.00000000e+00   0.00000000e+00]
   [  0.00000000e+00   0.00000000e+00]]

  [[  4.71064001e-02   3.95146459e-02]
   [  5.24933115e-02   4.59108390e-02]]

  [[  1.59954354e-02   0.00000000e+00]
   [  1.39955934e-02   0.00000000e+00]]

  [[  3.33538577e-02   1.12539437e-02]
   [  1.49222091e-02   7.92708062e-03]]

  [[  5.21691814e-02   3.32372375e-02]
   [  3.60194109e-02   2.26889793e-02]]

  [[  1.53843570e-03   1.47363590e-02]
   [  0.00000000e+00   2.03472991e-02]]

  [[  0.00000000e+00   0.00000000e+00]
   [  1.12558552e-03   0.00000000e+00]]

  [[  3.50165702e-02   9.01909359e-03]
   [  1.15655921e-02   4.66610538e-03]]

  [[  5.64063601e-02   4.69900854e-02]
   [  5.02862148e-02   3.66438888e-02]]

  [[  3.61112617e-02   1.33589990e-02]
   [  2.53268648e-02   1.33814849e-02]]

  [[  8.46688822e-03   4.75155674e-02]
   [  5.37917949e-03   3.60893942e-02]]

  [[  1.80182997e-02   0.00000000e+00]
   [  2.05921512e-02   0.00000000e+00]]

  [[  0.00000000e+00   0.00000000e+00]
   [  0.00000000e+00   0.00000000e+00]]

  [[  1.37003316e-02   6.14403374e-03]
   [  1.25920745e-02   2.92200944e-03]]

  [[  4.26050201e-02   4.91513200e-02]
   [  4.64169234e-02   6.19509257e-02]]

  [[  8.51247236e-02   9.72757787e-02]
   [  9.22796801e-02   9.92246419e-02]]

  [[  2.80045215e-02   0.00000000e+00]
   [  2.57708747e-02   0.00000000e+00]]

  [[  7.74488524e-02   6.57202974e-02]
   [  8.73191729e-02   7.73267448e-02]]

  [[  0.00000000e+00   0.00000000e+00]
   [  8.39991379e-04   0.00000000e+00]]

  [[  3.60671035e-03   8.62891506e-03]
   [  1.18124839e-02   1.04696732e-02]]

  [[  0.00000000e+00   0.00000000e+00]
   [  0.00000000e+00   0.00000000e+00]]

  [[  0.00000000e+00   0.00000000e+00]
   [  0.00000000e+00   0.00000000e+00]]

  [[  0.00000000e+00   0.00000000e+00]
   [  0.00000000e+00   3.06149502e-03]]

  [[  0.00000000e+00   0.00000000e+00]
   [  0.00000000e+00   0.00000000e+00]]]]