[[  0.00000000e+00   0.00000000e+00   0.00000000e+00   0.00000000e+00
    0.00000000e+00   0.00000000e+00   9.01567414e-02   0.00000000e+00
    5.59016839e-02   0.00000000e+00   0.00000000e+00   0.00000000e+00
    1.26039684e-02   1.34720355e-01   0.00000000e+00   0.00000000e+00
    2.34112769e-01   0.00000000e+00   2.84060389e-02   0.00000000e+00
    0.00000000e+00   9.10642929e-03   0.00000000e+00   1.45106271e-01
    0.00000000e+00   5.93029499e-01   0.00000000e+00   7.25206826e-03
    0.00000000e+00   0.00000000e+00   0.00000000e+00   1.49419427e-01
    0.00000000e+00   0.00000000e+00   9.72872376e-02   0.00000000e+00
    2.02963844e-01   8.54374561e-03   1.68058679e-01   7.02201605e-01
    0.00000000e+00   0.00000000e+00   0.00000000e+00   1.24110691e-02
    1.05948217e-01   0.00000000e+00   7.34176412e-02   0.00000000e+00
    0.00000000e+00   0.00000000e+00   0.00000000e+00   0.00000000e+00
    0.00000000e+00   8.27527419e-03   0.00000000e+00   5.23639441e-01
    0.00000000e+00   0.00000000e+00   0.00000000e+00   4.02946949e-01
    2.32336577e-02   0.00000000e+00   0.00000000e+00   7.34214410e-02
    0.00000000e+00   6.28472865e-01   0.00000000e+00   9.63044912e-02
    0.00000000e+00   1.04713820e-01   0.00000000e+00   0.00000000e+00
    0.00000000e+00   0.00000000e+00   0.00000000e+00   1.69443502e-03
    9.27111832e-05   0.00000000e+00   0.00000000e+00   0.00000000e+00
    4.51688003e-03   0.00000000e+00   2.40142941e-02   0.00000000e+00
    0.00000000e+00   0.00000000e+00   1.42321765e-01   0.00000000e+00
    0.00000000e+00   4.20429379e-01   6.67783678e-01   0.00000000e+00
    0.00000000e+00   2.59948313e-01   0.00000000e+00   0.00000000e+00
    2.52762306e-02   1.34129189e-02   0.00000000e+00   0.00000000e+00
    6.58314750e-02   1.74705684e-02   6.44076914e-02   9.61577240e-03
    0.00000000e+00   0.00000000e+00   0.00000000e+00   0.00000000e+00
    1.74107328e-02   7.61919394e-02   0.00000000e+00   0.00000000e+00
    9.55253124e-01   0.00000000e+00   0.00000000e+00   1.33932483e+00
    0.00000000e+00   1.70516461e-01   0.00000000e+00   0.00000000e+00]]