[[[[  6.84285045e-01   5.07062636e-02   1.05187252e-01]
   [  4.86982644e-01   0.00000000e+00   1.87526003e-01]
   [  3.48137081e-01   0.00000000e+00   1.54988825e-01]]

  [[  6.54149115e-01   5.14395416e-01   1.01471975e-01]
   [  2.15917528e-01   7.87946805e-02   1.60952389e-01]
   [  2.33018249e-01   1.39640719e-01   2.27894366e-01]]

  [[  3.52949679e-01   6.50777876e-01   5.13822019e-01]
   [  2.68555462e-01   5.94317794e-01   4.17367905e-01]
   [  5.03097549e-02   3.98353934e-01   2.23845273e-01]]

  [[  4.41994697e-01   4.38964754e-01   2.78594673e-01]
   [  4.09801126e-01   4.47373301e-01   2.23803967e-01]
   [  2.33063787e-01   1.86073571e-01   3.34521174e-01]]

  [[  5.86671054e-01   9.90433455e-01   8.06900799e-01]
   [  2.20835373e-01   7.11164355e-01   6.33110464e-01]
   [  3.52519035e-01   8.58267069e-01   7.52936125e-01]]

  [[  5.79717040e-01   9.36785460e-01   6.44408822e-01]
   [  3.31140429e-01   8.17864299e-01   6.01318240e-01]
   [  4.37929183e-01   7.97152400e-01   6.59873009e-01]]

  [[  0.00000000e+00   0.00000000e+00   2.24786669e-01]
   [  0.00000000e+00   0.00000000e+00   2.13234261e-01]
   [  0.00000000e+00   0.00000000e+00   2.40514606e-01]]

  [[  0.00000000e+00   0.00000000e+00   0.00000000e+00]
   [  0.00000000e+00   0.00000000e+00   0.00000000e+00]
   [  0.00000000e+00   0.00000000e+00   0.00000000e+00]]

  [[  0.00000000e+00   1.51010156e-01   5.88180423e-01]
   [  0.00000000e+00   0.00000000e+00   5.39164066e-01]
   [  0.00000000e+00   1.34349436e-01   3.17338407e-01]]

  [[  0.00000000e+00   4.10159916e-01   7.71266043e-01]
   [  3.11172660e-03   4.10521209e-01   5.92363298e-01]
   [  1.46829441e-01   4.35971349e-01   4.86435264e-01]]

  [[  0.00000000e+00   0.00000000e+00   0.00000000e+00]
   [  0.00000000e+00   0.00000000e+00   0.00000000e+00]
   [  0.00000000e+00   0.00000000e+00   0.00000000e+00]]

  [[  5.44372380e-01   7.76041985e-01   3.37408781e-02]
   [  5.43021858e-01   5.05196035e-01   2.26996079e-01]
   [  2.14495748e-01   6.05682850e-01   2.02280320e-02]]

  [[  3.19042206e-01   0.00000000e+00   0.00000000e+00]
   [  2.28304699e-01   0.00000000e+00   2.36651432e-02]
   [  1.80995077e-01   0.00000000e+00   9.07310918e-02]]

  [[  0.00000000e+00   4.26569432e-01   4.44247216e-01]
   [  0.00000000e+00   3.07219714e-01   3.65057766e-01]
   [  2.00342149e-01   4.25539643e-01   3.50752920e-01]]

  [[  2.84079045e-01   2.21434057e-01   1.61499381e-01]
   [  6.99059069e-02   1.48012817e-01   5.81767187e-02]
   [  1.40572280e-01   2.13134140e-01   2.00328767e-01]]

  [[  0.00000000e+00   0.00000000e+00   0.00000000e+00]
   [  5.02455165e-04   0.00000000e+00   0.00000000e+00]
   [  0.00000000e+00   0.00000000e+00   0.00000000e+00]]

  [[  0.00000000e+00   0.00000000e+00   5.73037975e-02]
   [  2.02679992e-01   0.00000000e+00   0.00000000e+00]
   [  2.49313995e-01   0.00000000e+00   0.00000000e+00]]

  [[  2.45854050e-01   0.00000000e+00   2.73491383e-01]
   [  1.82121336e-01   0.00000000e+00   2.00475991e-01]
   [  2.08438516e-01   0.00000000e+00   2.01362282e-01]]

  [[  0.00000000e+00   0.00000000e+00   0.00000000e+00]
   [  0.00000000e+00   0.00000000e+00   0.00000000e+00]
   [  0.00000000e+00   0.00000000e+00   0.00000000e+00]]

  [[  0.00000000e+00   0.00000000e+00   0.00000000e+00]
   [  0.00000000e+00   0.00000000e+00   0.00000000e+00]
   [  0.00000000e+00   0.00000000e+00   0.00000000e+00]]

  [[  0.00000000e+00   0.00000000e+00   7.35923722e-02]
   [  0.00000000e+00   0.00000000e+00   1.68890774e-01]
   [  0.00000000e+00   0.00000000e+00   1.57925531e-01]]

  [[  8.66378725e-01   9.58171248e-01   5.81330836e-01]
   [  8.39491189e-01   9.08183038e-01   5.27977169e-01]
   [  6.01596117e-01   6.16367817e-01   1.87142983e-01]]

  [[  2.90626168e-01   4.47052509e-01   2.80975789e-01]
   [  4.08210233e-03   3.35165232e-01   1.98232815e-01]
   [  0.00000000e+00   1.88909963e-01   1.98610455e-01]]

  [[  0.00000000e+00   0.00000000e+00   0.00000000e+00]
   [  0.00000000e+00   0.00000000e+00   0.00000000e+00]
   [  0.00000000e+00   0.00000000e+00   0.00000000e+00]]

  [[  1.20016325e+00   1.35956633e+00   1.13820052e+00]
   [  1.17182302e+00   1.24340856e+00   1.13670623e+00]
   [  1.10012770e+00   1.19804192e+00   1.04842496e+00]]

  [[  0.00000000e+00   4.42883931e-02   6.51080608e-02]
   [  0.00000000e+00   0.00000000e+00   8.62246826e-02]
   [  1.40093833e-01   0.00000000e+00   2.69031882e-01]]

  [[  0.00000000e+00   0.00000000e+00   0.00000000e+00]
   [  0.00000000e+00   0.00000000e+00   0.00000000e+00]
   [  0.00000000e+00   0.00000000e+00   0.00000000e+00]]

  [[  1.12162316e+00   9.10930514e-01   2.82607853e-01]
   [  1.14467180e+00   1.25329268e+00   3.07388127e-01]
   [  1.05819440e+00   1.04721665e+00   3.12270045e-01]]

  [[  5.71243763e-01   1.19386983e+00   6.17047787e-01]
   [  4.19626504e-01   4.58573729e-01   3.85907918e-01]
   [  2.67558724e-01   4.02613014e-01   2.89991528e-01]]

  [[  7.41371989e-01   7.84285665e-01   3.31286848e-01]
   [  9.51364875e-01   1.14069808e+00   3.13244283e-01]
   [  6.12244010e-01   7.87409842e-01   2.71914244e-01]]

  [[  1.71976936e+00   2.32020497e+00   6.43200040e-01]
   [  1.03552842e+00   1.20608008e+00   7.76820064e-01]
   [  4.69446450e-01   7.71381617e-01   3.11558902e-01]]

  [[  1.25356770e+00   1.40236497e+00   7.95231879e-01]
   [  1.96054006e+00   2.08953905e+00   8.72252703e-01]
   [  1.53058147e+00   1.74557471e+00   8.86437833e-01]]

  [[  4.43108469e-01   1.49920031e-01   4.83964235e-02]
   [  2.84607232e-01   0.00000000e+00   6.44082576e-02]
   [  1.99401692e-01   0.00000000e+00   1.14309363e-01]]

  [[  8.25131685e-02   2.51925349e-01   0.00000000e+00]
   [  6.84049800e-02   8.00430775e-02   0.00000000e+00]
   [  0.00000000e+00   0.00000000e+00   0.00000000e+00]]

  [[  4.43953007e-01   0.00000000e+00   3.33016813e-01]
   [  1.18835703e-01   0.00000000e+00   8.38889927e-02]
   [  2.29337215e-02   0.00000000e+00   1.68736517e-01]]

  [[  1.21166361e-02   3.63576114e-02   3.64758782e-02]
   [  5.74345514e-03   7.95980170e-03   1.74718034e-02]
   [  1.30629446e-02   1.43247908e-02   1.06163369e-02]]

  [[  4.54643294e-02   0.00000000e+00   1.91366225e-01]
   [  1.86557174e-01   4.45281953e-01   2.43911609e-01]
   [  1.52217597e-01   2.27038562e-01   2.43193150e-01]]

  [[  0.00000000e+00   0.00000000e+00   0.00000000e+00]
   [  0.00000000e+00   0.00000000e+00   0.00000000e+00]
   [  0.00000000e+00   0.00000000e+00   0.00000000e+00]]

  [[  5.04881859e-01   7.15533018e-01   0.00000000e+00]
   [  2.54567921e-01   3.73277754e-01   3.28030884e-01]
   [  9.16183963e-02   4.02623087e-01   8.21896344e-02]]

  [[  0.00000000e+00   3.83482814e-01   3.12245995e-01]
   [  0.00000000e+00   7.86755756e-02   2.44349018e-01]
   [  0.00000000e+00   3.05717420e-02   1.78479347e-02]]

  [[  7.90202260e-01   9.00632203e-01   6.97250426e-01]
   [  6.55333400e-01   6.42331481e-01   6.54190600e-01]
   [  7.30280578e-01   6.39327168e-01   7.88697362e-01]]

  [[  7.38910854e-01   1.10055590e+00   3.69177282e-01]
   [  6.48739159e-01   9.60771739e-01   4.22811508e-01]
   [  5.23212969e-01   6.42841995e-01   1.51695684e-01]]

  [[  1.53001845e+00   1.45292675e+00   0.00000000e+00]
   [  7.75135696e-01   5.24005592e-01   0.00000000e+00]
   [  4.67028022e-01   2.60392338e-01   4.77267168e-02]]

  [[  0.00000000e+00   4.95800018e-01   8.81975055e-01]
   [  0.00000000e+00   5.65336227e-01   6.40211880e-01]
   [  0.00000000e+00   6.61253214e-01   6.05797172e-01]]

  [[  7.70868808e-02   0.00000000e+00   0.00000000e+00]
   [  1.93326980e-01   0.00000000e+00   0.00000000e+00]
   [  8.31241533e-02   0.00000000e+00   0.00000000e+00]]

  [[  4.90644008e-01   4.41324085e-01   0.00000000e+00]
   [  3.92919928e-01   2.74165809e-01   0.00000000e+00]
   [  3.27215791e-01   2.30687499e-01   0.00000000e+00]]

  [[  1.38866343e-02   0.00000000e+00   7.69013613e-02]
   [  0.00000000e+00   1.31181106e-01   1.59502432e-01]
   [  0.00000000e+00   1.28460914e-01   1.64859101e-01]]

  [[  7.47795939e-01   9.02907610e-01   2.47196436e-01]
   [  6.05625153e-01   6.82356238e-01   3.48428488e-02]
   [  5.82277060e-01   2.88122416e-01   0.00000000e+00]]

  [[  0.00000000e+00   0.00000000e+00   0.00000000e+00]
   [  0.00000000e+00   0.00000000e+00   0.00000000e+00]
   [  0.00000000e+00   0.00000000e+00   0.00000000e+00]]

  [[  3.06125998e-01   3.72182131e-01   8.05643797e-02]
   [  1.46954134e-01   1.41469285e-01   8.64342898e-02]
   [  1.40106589e-01   8.27252194e-02   1.86531216e-01]]

  [[  5.09761989e-01   1.02296519e+00   4.60047811e-01]
   [  1.74864426e-01   3.74643385e-01   4.15637523e-01]
   [  0.00000000e+00   1.90075547e-01   1.89064950e-01]]

  [[  1.14217842e+00   1.48444211e+00   8.59399021e-01]
   [  8.08247447e-01   1.31735289e+00   5.76254725e-01]
   [  8.43805313e-01   1.29212153e+00   8.51578534e-01]]

  [[  0.00000000e+00   2.18032330e-01   7.17620850e-01]
   [  3.03401768e-01   3.48961413e-01   3.65309000e-01]
   [  2.44556859e-01   3.25884670e-01   3.66252095e-01]]

  [[  0.00000000e+00   0.00000000e+00   0.00000000e+00]
   [  0.00000000e+00   0.00000000e+00   0.00000000e+00]
   [  0.00000000e+00   0.00000000e+00   0.00000000e+00]]

  [[  8.20374727e-01   0.00000000e+00   0.00000000e+00]
   [  5.82114756e-01   3.51554036e-01   0.00000000e+00]
   [  5.75521290e-01   1.94710135e-01   1.32912900e-02]]

  [[  7.80767858e-01   1.66518605e+00   1.42636299e+00]
   [  8.10127854e-01   1.91838515e+00   1.45339334e+00]
   [  5.19020855e-01   1.65970874e+00   1.08887255e+00]]

  [[  1.16897471e-01   6.63100556e-02   0.00000000e+00]
   [  5.19053750e-02   0.00000000e+00   0.00000000e+00]
   [  0.00000000e+00   0.00000000e+00   0.00000000e+00]]

  [[  2.36814514e-01   1.66230679e-01   4.42000553e-02]
   [  1.26834854e-01   1.19722687e-01   0.00000000e+00]
   [  7.28133395e-02   6.74445629e-02   2.37571932e-02]]

  [[  0.00000000e+00   0.00000000e+00   0.00000000e+00]
   [  0.00000000e+00   0.00000000e+00   0.00000000e+00]
   [  0.00000000e+00   0.00000000e+00   0.00000000e+00]]

  [[  1.11336946e+00   8.42056811e-01   7.33431756e-01]
   [  1.07873678e+00   1.12392139e+00   6.15991175e-01]
   [  1.03800035e+00   1.03652883e+00   5.92292070e-01]]]]