[[[[ 0.01576482 -0.01629212  0.20810643  0.17604949  0.24016336  0.24016336
     0.24016336  0.27222028  0.33633417  0.40044802  0.40044802  0.46456191
     0.52867579  0.52867579  0.49661884  0.56073272  0.56073272  0.56073272
     0.56073272  0.59278965  0.62484658  0.59278965  0.59278965  0.56073272
     0.52867579  0.46456191  0.43250498  0.43250498  0.3683911   0.3683911
     0.33633417  0.30427724  0.24016336  0.20810643  0.17604949  0.11193562
     0.11193562  0.11193562 -0.04834905]
   [ 0.01576482  0.01576482  0.07987869  0.17604949  0.24016336  0.20810643
     0.24016336  0.30427724  0.33633417  0.40044802  0.43250498  0.43250498
     0.46456191  0.49661884  0.56073272  0.56073272  0.52867579  0.52867579
     0.52867579  0.52867579  0.59278965  0.59278965  0.56073272  0.52867579
     0.56073272  0.52867579  0.52867579  0.46456191  0.43250498  0.40044802
     0.3683911   0.27222028  0.24016336  0.20810643  0.17604949  0.14399256
     0.11193562  0.11193562 -0.04834905]
   [ 0.04782175  0.04782175  0.04782175  0.14399256  0.24016336  0.24016336
     0.24016336  0.27222028  0.3683911   0.40044802  0.40044802  0.46456191
     0.49661884  0.49661884  0.56073272  0.40044802  0.33633417  0.04782175
    -0.11246292  0.3683911   0.56073272  0.62484658  0.56073272  0.52867579
     0.49661884  0.52867579  0.46456191  0.46456191  0.40044802  0.33633417
     0.27222028  0.24016336  0.27222028  0.14399256  0.14399256  0.07987869
     0.07987869 -0.01629212 -0.04834905]
   [ 0.04782175  0.01576482  0.07987869  0.17604949  0.27222028  0.27222028
     0.27222028  0.30427724  0.3683911   0.40044802  0.43250498  0.43250498
     0.46456191  0.46456191 -0.24069066 -0.91388631 -1.36268342 -1.39474034
    -1.39474034 -1.10622787 -0.6253739   0.40044802  0.52867579  0.62484658
     0.56073272  0.56073272  0.49661884  0.43250498  0.43250498  0.40044802
     0.27222028  0.30427724  0.30427724  0.17604949  0.17604949  0.01576482
     0.04782175  0.01576482 -0.08040599]
   [ 0.11193562  0.07987869  0.14399256  0.17604949  0.27222028  0.30427724
     0.30427724  0.33633417  0.33633417  0.40044802  0.46456191  0.49661884
     0.49661884  0.14399256 -0.6253739  -2.03587914 -2.48467612 -2.64496088
    -2.35644841 -1.74736667 -1.42679727 -0.88182938  0.59278965  0.56073272
     0.65690351  0.56073272  0.49661884  0.49661884  0.49661884  0.43250498
     0.3683911   0.30427724  0.27222028  0.24016336  0.20810643  0.14399256
     0.07987869  0.07987869 -0.04834905]
   [ 0.14399256  0.11193562  0.11193562  0.14399256  0.30427724  0.30427724
     0.30427724  0.40044802  0.40044802  0.43250498  0.52867579  0.43250498
    -0.04834905 -0.65743083 -1.74736667 -2.51673317 -3.18992877 -2.74113154
    -2.83730245 -3.06170106 -2.16410685 -1.33062649 -0.72154468  0.65690351
     0.62484658  0.52867579  0.46456191  0.46456191  0.40044802  0.3683911
     0.43250498  0.33633417  0.24016336  0.17604949  0.17604949  0.14399256
     0.07987869  0.04782175 -0.01629212]
   [ 0.14399256  0.11193562  0.17604949  0.20810643  0.24016336  0.30427724
     0.30427724  0.40044802  0.40044802  0.46456191  0.3683911   0.3683911
    -0.6253739  -0.78565854 -2.29233456 -2.29233456 -2.9014163  -2.83730245
    -3.09375787 -3.06170106 -2.58084702 -1.36268342 -0.84977245  0.40044802
     0.56073272  0.52867579  0.46456191  0.40044802  0.40044802  0.3683911
     0.27222028  0.33633417  0.24016336  0.17604949  0.17604949  0.07987869
     0.07987869 -0.01629212 -0.01629212]
   [ 0.11193562  0.07987869  0.14399256  0.17604949  0.24016336  0.30427724
     0.33633417  0.3683911   0.40044802  0.46456191  0.49661884 -0.33686146
    -0.65743083 -1.17034173 -1.90765131 -2.42056227 -2.58084702 -2.64496088
    -2.38850522 -2.45261908 -2.64496088 -0.49714616 -1.55502498 -0.27274761
     0.49661884  0.49661884  0.46456191  0.40044802  0.3683911   0.33633417
     0.30427724  0.27222028  0.27222028  0.20810643  0.17604949  0.17604949
     0.11193562 -0.01629212  0.01576482]
   [ 0.11193562  0.11193562  0.11193562  0.20810643  0.24016336  0.33633417
     0.30427724  0.3683911   0.40044802  0.43250498  0.46456191 -0.49714616
    -0.56126004 -0.94594324 -0.52920306  0.24016336  0.30427724  0.52867579
     1.07364368  0.97747284  0.24016336 -1.17034173 -1.61913884 -0.94594324
     0.52867579  0.46456191  0.43250498  0.3683911   0.33633417  0.30427724
     0.30427724  0.20810643  0.14399256  0.14399256  0.11193562  0.07987869
    -0.01629212 -0.08040599 -0.04834905]
   [ 0.04782175  0.01576482  0.07987869  0.17604949  0.20810643  0.27222028
     0.33633417  0.3683911   0.3683911   0.43250498  0.46456191 -0.78565854
    -1.71530974  0.40044802  1.42627001  2.00329471  2.45209193  2.48414874
     2.77266121  2.77266121  2.09946561  1.2018714  -1.07417095 -2.38850522
     0.49661884  0.43250498  0.40044802  0.3683911   0.33633417  0.30427724
     0.24016336  0.24016336  0.14399256  0.07987869  0.04782175  0.01576482
    -0.01629212 -0.04834905 -0.11246292]
   [-0.01629212 -0.04834905  0.01576482  0.20810643  0.20810643  0.33633417
     0.33633417  0.33633417  0.3683911   0.33633417  0.43250498 -0.65743083
     1.00952983  1.68272543  2.58031964  2.5482626   2.77266121  2.83677506
     2.96500278  2.93294597  2.70854735  1.6506685   1.00952983 -1.68325269
     0.20810643  0.40044802  0.40044802  0.3683911   0.33633417  0.27222028
     0.24016336  0.17604949  0.17604949  0.11193562  0.11193562  0.11193562
     0.01576482 -0.04834905 -0.11246292]
   [ 0.04782175  0.01576482  0.04782175  0.14399256  0.17604949  0.30427724
     0.30427724  0.33633417  0.40044802  0.40044802 -0.27274761 -0.72154468
     1.93918097  2.45209193  2.6444335   2.6444335   2.7406044   2.83677506
     2.90088892  2.83677506  2.6444335   2.35592103  1.6506685  -0.6253739
    -1.81148052  0.40044802  0.40044802  0.3683911   0.30427724  0.24016336
     0.20810643  0.20810643  0.17604949  0.17604949  0.11193562  0.04782175
     0.01576482 -0.04834905 -0.24069066]
   [ 0.01576482  0.04782175  0.07987869  0.11193562  0.17604949  0.24016336
     0.30427724  0.3683911   0.33633417  0.3683911  -1.49091113 -0.14451987
     1.81095314  2.6444335   2.80471826  2.90088892  2.90088892  2.86883211
     2.93294597  2.90088892  2.83677506  2.42003489  1.68272543  0.01576482
    -2.1320498   0.40044802  0.3683911   0.30427724  0.30427724  0.20810643
     0.24016336  0.17604949  0.11193562  0.07987869  0.04782175 -0.01629212
    -0.04834905 -0.14451987 -0.20863374]
   [ 0.01576482  0.04782175  0.14399256  0.11193562  0.17604949  0.20810643
     0.33633417  0.3683911   0.30427724  0.33633417 -1.26651263  0.3683911
     1.61861157  2.6444335   2.90088892  2.93294597  2.96500278  2.90088892
     2.96500278  2.90088892  2.7406044   2.45209193  1.84301007  0.04782175
    -2.00382209  0.40044802  0.33633417  0.30427724  0.27222028  0.17604949
     0.17604949  0.14399256  0.04782175  0.01576482 -0.04834905 -0.14451987
    -0.11246292 -0.14451987 -0.20863374]
   [ 0.01576482  0.01576482  0.07987869  0.11193562  0.17604949  0.14399256
     0.24016336  0.27222028  0.30427724  0.30427724 -1.10622787 -0.11246292
     1.77889621  2.5482626   2.77266121  2.51620579  2.32386422  2.5482626
     2.42003489  1.9712379   1.71478236  2.09946561  1.84301007  0.52867579
    -2.35644841  0.33633417  0.24016336  0.30427724  0.24016336  0.14399256
     0.07987869  0.07987869  0.01576482  0.04782175 -0.04834905 -0.11246292
    -0.20863374 -0.20863374 -0.30480453]
   [-0.04834905  0.01576482  0.01576482  0.01576482  0.07987869  0.11193562
     0.17604949  0.20810643  0.24016336  0.27222028 -0.78565854 -0.01629212
     1.84301007  1.2018714  -0.17657679 -1.01005709  0.27222028  1.58655465
     0.78513128 -1.07417095 -1.87559438 -0.91388631 -0.24069066  0.46456191
    -2.48467612  0.30427724  0.27222028  0.24016336  0.20810643  0.17604949
     0.07987869  0.04782175  0.01576482 -0.04834905 -0.04834905 -0.17657679
    -0.17657679 -0.27274761 -0.30480453]
   [-0.08040599 -0.08040599 -0.08040599 -0.04834905  0.01576482  0.11193562
     0.14399256  0.24016336  0.24016336  0.30427724  0.27222028  0.62484658
     0.40044802  0.8171882   0.52867579 -0.88182938 -0.4650892   2.06740856
     0.11193562 -1.33062649 -0.30480453  0.17604949 -0.36891842 -0.01629212
    -0.97800016  0.27222028  0.24016336  0.14399256  0.11193562  0.07987869
    -0.01629212 -0.01629212 -0.08040599 -0.08040599 -0.11246292 -0.24069066
    -0.20863374 -0.33686146 -0.33686146]
   [-0.08040599 -0.08040599 -0.08040599 -0.01629212  0.04782175  0.04782175
     0.07987869  0.17604949  0.20810643  0.20810643  0.33633417 -0.40097535
     0.65690351 -0.14451987 -2.00382209 -2.19616365 -1.04211402  2.90088892
     0.49661884 -1.87559438 -0.43303227 -0.84977245 -2.16410685  0.17604949
     0.04782175  0.27222028  0.20810643  0.17604949  0.07987869  0.01576482
     0.01576482 -0.04834905 -0.04834905 -0.14451987 -0.17657679 -0.24069066
    -0.24069066 -0.30480453 -0.33686146]
   [-0.14451987 -0.14451987 -0.08040599 -0.08040599 -0.01629212 -0.01629212
     0.04782175  0.17604949  0.20810643  0.20810643  0.3683911  -1.90765131
     0.8171882   0.27222028  0.52867579 -0.33686146  1.33009911  2.83677506
     1.29804218 -0.4650892   0.20810643  0.40044802  0.14399256  0.33633417
     1.00952983  0.20810643  0.14399256  0.11193562  0.01576482  0.01576482
     0.01576482 -0.08040599 -0.14451987 -0.17657679 -0.17657679 -0.30480453
    -0.27274761 -0.36891842 -0.40097535]
   [-0.17657679 -0.14451987 -0.14451987 -0.08040599 -0.04834905  0.07987869
     0.04782175  0.07987869  0.17604949  0.17604949 -0.72154468  1.71478236
     1.875067    2.35592103  1.68272543  0.97747284  2.48414874  2.6444335
     1.52244079  1.93918097  1.23392832  2.32386422  1.93918097  1.36215603
     0.27222028  0.04782175 -0.08040599 -0.04834905 -0.11246292 -0.04834905
    -0.14451987 -0.17657679 -0.24069066 -0.30480453 -0.30480453 -0.36891842
    -0.43303227 -0.43303227 -0.49714616]
   [-0.30480453 -0.27274761 -0.20863374 -0.08040599 -0.08040599 -0.04834905
    -0.01629212  0.04782175  0.04782175  0.11193562  1.875067    0.91335899
     2.48414874  2.83677506  2.45209193  2.80471826  2.32386422  2.80471826
     2.09946561  1.61861157  2.42003489  2.25975037  2.19563651  1.55449772
    -0.01629212 -0.04834905 -0.08040599 -0.11246292 -0.14451987 -0.17657679
    -0.20863374 -0.24069066 -0.30480453 -0.33686146 -0.36891842 -0.43303227
    -0.4650892  -0.49714616 -0.56126004]
   [-0.24069066 -0.33686146 -0.30480453 -0.17657679 -0.14451987 -0.08040599
    -0.08040599 -0.04834905 -0.01629212  0.01576482  0.88130206 -0.17657679
     2.51620579  2.70854735  2.7406044   2.93294597  2.25975037  2.61237645
     0.91335899  1.00952983  2.61237645  2.29180717  1.36215603  1.07364368
    -0.6253739  -0.08040599 -0.20863374 -0.27274761 -0.30480453 -0.30480453
    -0.33686146 -0.36891842 -0.40097535 -0.36891842 -0.4650892  -0.52920306
    -0.52920306 -0.59331697 -0.6253739 ]
   [-0.36891842 -0.36891842 -0.30480453 -0.27274761 -0.14451987 -0.11246292
    -0.08040599 -0.08040599 -0.01629212 -0.01629212  0.68896043  2.13152242
     2.42003489  2.90088892  2.96500278  2.93294597 -0.75360161 -0.6253739
    -2.58084702 -0.6253739   2.29180717  2.61237645  2.16357946  0.52867579
     1.36215603 -0.08040599 -0.20863374 -0.20863374 -0.30480453 -0.30480453
    -0.30480453 -0.43303227 -0.40097535 -0.43303227 -0.43303227 -0.52920306
    -0.59331697 -0.59331697 -0.72154468]
   [-0.36891842 -0.36891842 -0.33686146 -0.24069066 -0.20863374 -0.17657679
    -0.11246292 -0.14451987 -0.11246292 -0.14451987  1.9712379   2.09946561
     1.84301007  2.80471826  2.80471826  2.61237645  0.8171882   0.56073272
    -1.1382848   0.59278965  2.03535175  2.32386422  1.84301007 -0.01629212
    -0.14451987 -0.24069066 -0.27274761 -0.30480453 -0.36891842 -0.40097535
    -0.43303227 -0.49714616 -0.52920306 -0.56126004 -0.59331697 -0.68948776
    -0.6253739  -0.75360161 -0.75360161]
   [-0.40097535 -0.40097535 -0.33686146 -0.27274761 -0.24069066 -0.20863374
    -0.24069066 -0.30480453 -0.24069066 -0.14451987  0.56073272  1.71478236
     1.23392832  2.45209193  2.32386422  2.45209193  1.36215603  0.30427724
     0.3683911   0.97747284  1.39421308  1.875067    1.45832694 -0.40097535
    -0.20863374 -0.30480453 -0.33686146 -0.36891842 -0.43303227 -0.4650892
    -0.4650892  -0.52920306 -0.52920306 -0.6253739  -0.6253739  -0.65743083
    -0.68948776 -0.75360161 -0.75360161]
   [-0.36891842 -0.43303227 -0.33686146 -0.36891842 -0.30480453 -0.33686146
    -0.33686146 -0.27274761 -0.24069066 -0.20863374 -0.20863374 -0.24069066
     0.88130206  1.84301007  2.35592103  1.74683928  1.2018714   1.45832694
     1.81095314  0.65690351  0.78513128  1.26598525  1.07364368 -0.17657679
    -0.30480453 -0.33686146 -0.36891842 -0.40097535 -0.4650892  -0.4650892
    -0.49714616 -0.49714616 -0.56126004 -0.6253739  -0.59331697 -0.59331697
    -0.68948776 -0.72154468 -0.78565854]
   [-0.43303227 -0.52920306 -0.43303227 -0.43303227 -0.40097535 -0.36891842
    -0.36891842 -0.30480453 -0.30480453 -0.27274761 -0.30480453 -0.30480453
     1.00952983  1.61861157  1.39421308 -0.01629212 -0.75360161 -1.26651263
    -1.36268342 -1.77942359 -0.94594324  0.59278965  0.65690351 -0.20863374
    -0.36891842 -0.43303227 -0.43303227 -0.4650892  -0.4650892  -0.52920306
    -0.52920306 -0.59331697 -0.59331697 -0.65743083 -0.65743083 -0.72154468
    -0.72154468 -0.78565854 -0.78565854]
   [-0.59331697 -0.56126004 -0.49714616 -0.4650892  -0.4650892  -0.43303227
    -0.43303227 -0.40097535 -0.36891842 -0.36891842 -0.40097535 -0.27274761
     1.13775754  1.00952983  1.16981447  1.04158676  1.10570061  1.26598525
     0.75307435  0.65690351  0.62484658  0.65690351 -0.17657679 -0.33686146
    -0.43303227 -0.4650892  -0.49714616 -0.56126004 -0.4650892  -0.59331697
    -0.65743083 -0.59331697 -0.65743083 -0.68948776 -0.68948776 -0.78565854
    -0.75360161 -0.88182938 -0.94594324]
   [-0.59331697 -0.65743083 -0.56126004 -0.52920306 -0.49714616 -0.49714616
    -0.4650892  -0.43303227 -0.4650892  -0.40097535 -0.40097535 -0.36891842
     0.62484658  0.88130206  1.29804218  2.70854735  1.07364368 -0.56126004
    -0.97800016 -0.24069066  1.36215603  0.72101736 -0.6253739  -0.52920306
    -0.49714616 -0.52920306 -0.56126004 -0.6253739  -0.65743083 -0.6253739
    -0.65743083 -0.6253739  -0.65743083 -0.78565854 -0.81771553 -0.81771553
    -0.88182938 -0.84977245 -0.94594324]
   [-0.65743083 -0.68948776 -0.6253739  -0.56126004 -0.52920306 -0.56126004
    -0.56126004 -0.4650892  -0.52920306 -0.49714616 -0.49714616 -0.43303227
    -0.52920306  0.62484658  1.00952983  1.61861157  1.39421308  0.3683911
     0.52867579  0.56073272  1.07364368  0.24016336 -0.84977245 -0.49714616
    -0.52920306 -0.56126004 -0.6253739  -0.6253739  -0.65743083 -0.72154468
    -0.81771553 -0.78565854 -0.81771553 -0.88182938 -0.88182938 -0.97800016
    -0.94594324 -1.01005709 -1.04211402]
   [-0.68948776 -0.75360161 -0.68948776 -0.59331697 -0.65743083 -0.6253739
    -0.59331697 -0.59331697 -0.59331697 -0.56126004 -0.56126004 -0.56126004
    -0.52920306  0.49661884  0.49661884  1.61861157  1.90712404  2.09946561
     1.39421308  1.52244079  1.07364368 -0.65743083 -0.68948776 -0.65743083
    -0.59331697 -0.68948776 -0.65743083 -0.75360161 -0.72154468 -0.78565854
    -0.81771553 -0.88182938 -0.88182938 -0.94594324 -0.94594324 -0.97800016
    -1.01005709 -1.07417095 -1.1382848 ]
   [-0.78565854 -0.78565854 -0.75360161 -0.72154468 -0.68948776 -0.72154468
    -0.65743083 -0.6253739  -0.65743083 -0.6253739  -0.59331697 -0.56126004
    -0.49714616  1.10570061  0.52867579  0.59278965  1.68272543  1.71478236
     1.10570061  0.20810643  0.17604949 -1.26651263 -0.6253739  -0.59331697
    -0.68948776 -0.68948776 -0.68948776 -0.78565854 -0.81771553 -0.81771553
    -0.84977245 -0.91388631 -0.94594324 -1.04211402 -1.04211402 -1.04211402
    -1.10622787 -1.17034173 -1.1382848 ]
   [-0.81771553 -0.88182938 -0.88182938 -0.84977245 -0.84977245 -0.78565854
    -0.75360161 -0.75360161 -0.65743083 -0.6253739  -0.65743083 -0.59331697
    -0.56126004  0.88130206  0.49661884 -0.08040599  0.14399256 -0.11246292
    -0.08040599 -0.88182938 -1.29856956 -1.4588542  -0.59331697 -0.72154468
    -0.78565854 -0.78565854 -0.81771553 -0.84977245 -0.84977245 -0.91388631
    -0.97800016 -1.01005709 -1.04211402 -1.07417095 -1.17034173 -1.17034173
    -1.20239878 -1.2344557  -1.26651263]
   [-0.94594324 -1.01005709 -0.94594324 -0.97800016 -0.88182938 -0.88182938
    -0.81771553 -0.75360161 -0.68948776 -0.72154468 -0.68948776 -0.6253739
    -0.6253739   0.94541591  0.49661884 -0.30480453 -1.10622787 -1.61913884
    -1.90765131 -2.03587914 -1.74736667 -0.91388631 -0.81771553 -0.27274761
    -0.81771553 -0.81771553 -0.88182938 -0.91388631 -0.94594324 -0.97800016
    -1.04211402 -1.07417095 -1.1382848  -1.1382848  -1.1382848  -1.2344557
    -1.20239878 -1.2344557  -1.33062649]
   [-1.07417095 -1.04211402 -1.04211402 -0.94594324 -0.91388631 -0.88182938
    -0.81771553 -0.78565854 -0.75360161 -0.75360161 -0.72154468 -0.72154468
    -0.17657679 -0.52920306  0.68896043  0.3683911   0.01576482 -1.2344557
    -1.87559438 -1.90765131 -1.4588542  -0.49714616 -0.81771553 -0.17657679
    -0.84977245 -0.88182938 -0.94594324 -0.94594324 -0.94594324 -1.01005709
    -1.04211402 -1.07417095 -1.1382848  -1.1382848  -1.2344557  -1.26651263
    -1.26651263 -1.33062649 -1.36268342]
   [-1.1382848  -1.10622787 -1.04211402 -0.97800016 -0.94594324 -0.94594324
    -0.94594324 -0.91388631 -0.84977245 -0.84977245 -0.84977245 -0.27274761
     0.43250498  0.65690351  0.68896043  0.52867579  0.33633417 -0.4650892
    -1.10622787 -1.42679727 -1.04211402 -0.04834905 -2.09999299 -0.49714616
    -0.01629212 -0.91388631 -0.97800016 -0.97800016 -1.04211402 -1.07417095
    -1.10622787 -1.17034173 -1.17034173 -1.20239878 -1.2344557  -1.26651263
    -1.29856956 -1.36268342 -1.39474034]
   [-1.1382848  -1.17034173 -1.04211402 -1.07417095 -1.04211402 -0.97800016
    -0.97800016 -0.94594324 -0.94594324 -1.01005709  1.07364368 -0.43303227
     0.56073272  0.62484658  0.46456191  0.56073272  0.30427724 -0.59331697
    -1.07417095 -0.84977245 -0.43303227 -0.52920306 -0.08040599 -0.68948776
    -0.17657679  0.14399256  0.43250498 -0.91388631 -1.01005709 -1.10622787
    -1.1382848  -1.20239878 -1.2344557  -1.26651263 -1.29856956 -1.33062649
    -1.39474034 -1.36268342 -1.39474034]
   [-1.2344557  -1.20239878 -1.07417095 -1.1382848  -1.1382848  -1.07417095
     0.52867579  1.00952983  0.91335899  0.84924513  0.52867579 -0.75360161
     0.49661884  0.84924513  0.72101736  0.3683911  -0.4650892  -0.30480453
    -0.14451987 -0.36891842 -0.40097535  0.33633417 -0.11246292 -0.52920306
    -0.01629212  0.07987869  0.11193562  0.04782175  0.30427724 -0.40097535
    -1.20239878 -1.1382848  -1.2344557  -1.26651263 -1.29856956 -1.33062649
    -1.36268342 -1.39474034 -1.39474034]
   [-1.33062649 -1.26651263 -1.26651263 -0.30480453  0.78513128  0.84924513
     0.14399256  0.84924513  0.72101736  1.10570061  0.49661884 -0.20863374
     0.56073272  0.40044802  0.24016336  0.40044802  0.49661884 -0.97800016
    -0.30480453 -0.14451987  0.88130206  0.43250498 -0.14451987 -0.97800016
    -0.08040599 -0.11246292  0.04782175  0.04782175  0.30427724 -0.04834905
     0.59278965 -0.43303227 -1.33062649 -1.36268342 -1.39474034 -1.42679727
    -1.4588542  -1.49091113 -1.52296805]]]]