[[[[  5.12259081e-02   4.87274900e-02]
   [  5.25255799e-02   5.53013086e-02]]

  [[  3.93070951e-02   3.16553824e-02]
   [  3.13832350e-02   3.14666778e-02]]

  [[ -4.85759415e-03  -2.61143292e-03]
   [ -4.53344733e-03  -4.52027190e-03]]

  [[  5.24373911e-02   6.35620505e-02]
   [  5.29081337e-02   6.84872568e-02]]

  [[  1.13335801e-02   1.87209249e-02]
   [ -4.45617246e-04   1.40739344e-02]]

  [[ -1.88551238e-03  -5.89026585e-02]
   [  1.24335792e-02  -4.55913246e-02]]

  [[ -1.24810264e-02  -1.03860535e-02]
   [ -6.88158395e-03  -6.74979668e-03]]

  [[ -1.38057191e-02  -1.16293970e-02]
   [ -1.39759453e-02  -1.51059981e-02]]

  [[ -3.52773536e-03   1.55718084e-02]
   [  1.01911108e-04   9.11113620e-03]]

  [[  2.22804397e-02  -3.80535470e-03]
   [  2.19834577e-02  -1.19563984e-02]]

  [[  5.05806971e-03  -2.34266743e-03]
   [  3.84825189e-03  -3.90634546e-03]]

  [[ -9.27265547e-03  -8.62738490e-03]
   [ -9.85139422e-03  -5.46693243e-03]]

  [[ -1.06985457e-02   4.68498794e-03]
   [ -3.20086605e-03   5.84129104e-03]]

  [[ -1.83721669e-02  -1.19841304e-02]
   [ -1.58127975e-02  -9.87249799e-03]]

  [[ -8.37529544e-03  -1.34083424e-02]
   [ -6.56701252e-03  -9.79596097e-03]]

  [[ -1.14040030e-02   9.13781300e-03]
   [  2.25434545e-04   2.04640198e-02]]

  [[ -1.28191710e-02  -1.81905553e-02]
   [ -1.16607137e-02  -1.48734031e-02]]

  [[ -7.47895194e-03  -8.64223763e-03]
   [ -6.48223935e-03  -9.39236954e-03]]

  [[ -1.33173717e-02   1.23293558e-02]
   [ -1.51134338e-02   1.71251781e-02]]

  [[ -5.18914266e-03  -8.94002896e-03]
   [ -6.13073492e-03  -7.43579492e-03]]

  [[ -2.81498078e-02  -1.61779448e-02]
   [ -3.40814032e-02  -1.74624734e-02]]

  [[  2.37261299e-02   2.58386601e-02]
   [  1.41050881e-02   2.27388330e-02]]

  [[  1.28908426e-01   1.29173130e-01]
   [  1.44732282e-01   1.40955240e-01]]

  [[ -1.13330288e-02  -1.12796314e-02]
   [ -1.13342190e-02  -1.02587361e-02]]

  [[  4.79894727e-02   3.81233171e-02]
   [  4.25333120e-02   3.39642800e-02]]

  [[  1.60626490e-02   4.51871827e-02]
   [  7.32751982e-03   5.11130504e-02]]

  [[ -1.54043352e-02  -1.09853484e-02]
   [ -1.14584807e-02  -6.63024047e-03]]

  [[  2.60926839e-02   8.76880996e-03]
   [  2.07478143e-02   1.05038108e-02]]

  [[ -1.17816925e-02   1.00343209e-02]
   [  1.62629457e-03   1.55843701e-02]]

  [[  2.17535682e-02   9.24891140e-03]
   [  2.23362222e-02   1.50152463e-02]]

  [[ -6.49043247e-02  -1.85292736e-02]
   [ -6.34501204e-02  -1.91812720e-02]]

  [[ -2.77081993e-03  -3.01836408e-03]
   [ -4.96357540e-03  -4.53861663e-03]]

  [[  2.30198763e-02   5.67725534e-03]
   [  1.88220218e-02  -8.72586574e-03]]

  [[ -1.22279227e-02  -1.20095611e-02]
   [ -8.66920501e-03  -1.03140064e-02]]

  [[ -3.91369406e-03  -9.97204520e-03]
   [ -4.15370567e-03  -3.56925442e-03]]

  [[  1.36687875e-01   1.42331928e-01]
   [  1.48628920e-01   1.46850899e-01]]

  [[ -1.42916348e-02  -1.31981065e-02]
   [ -1.01833325e-02  -8.19108449e-03]]

  [[ -1.45595092e-02  -3.54144163e-02]
   [ -6.54822215e-04  -2.67993193e-02]]

  [[  2.86087170e-02   3.55475992e-02]
   [  2.31862329e-02   3.49521525e-02]]

  [[  3.71750519e-02   2.69670412e-02]
   [  2.77034398e-02   2.20117643e-02]]

  [[ -1.71812437e-02   2.67853728e-03]
   [ -2.09420901e-02   2.82935286e-03]]

  [[ -1.03318896e-02  -9.29896347e-03]
   [ -6.74035400e-03  -6.88634161e-03]]

  [[  1.24627277e-02   9.13223252e-03]
   [  1.72669180e-02   8.26111063e-03]]

  [[  1.78885199e-02  -2.10118457e-03]
   [  9.63850599e-03  -9.35209543e-03]]

  [[  3.73361073e-03  -1.11310715e-02]
   [  7.12048775e-03  -1.09301452e-02]]

  [[ -1.95175335e-02  -3.05479094e-02]
   [ -1.57294273e-02  -5.90702612e-03]]

  [[ -6.98503479e-03  -1.43859824e-02]
   [ -4.85777482e-03  -1.21505400e-02]]

  [[ -1.92294188e-03  -2.68306630e-03]
   [ -2.27167248e-03  -1.48251571e-03]]

  [[ -8.49208701e-03  -9.07833595e-03]
   [ -8.33066832e-03  -1.07389456e-02]]

  [[  4.95114252e-02   3.90364900e-02]
   [  4.82611582e-02   3.77835482e-02]]

  [[  5.06350957e-02   3.00214551e-02]
   [  4.08586338e-02   1.85571127e-02]]

  [[ -4.41146549e-03  -2.11769454e-02]
   [ -1.67106334e-02  -2.99990289e-02]]

  [[ -1.07299238e-02  -1.43934125e-02]
   [ -1.09350206e-02  -1.53953088e-02]]

  [[ -1.53762451e-03   1.53089315e-02]
   [ -4.68165241e-03   1.64629966e-02]]

  [[  2.78089289e-02   1.66300721e-02]
   [  2.78232396e-02   1.06187407e-02]]

  [[  8.51794481e-02   6.42443895e-02]
   [  9.45233330e-02   7.17318356e-02]]

  [[ -1.07652657e-02  -1.60143187e-03]
   [ -1.43147483e-02  -1.36090082e-03]]

  [[  4.71064001e-02   3.95146459e-02]
   [  5.24933115e-02   4.59108390e-02]]

  [[  1.59954354e-02  -2.43110768e-03]
   [  1.39955934e-02  -1.01876287e-02]]

  [[  3.33538577e-02   1.12539437e-02]
   [  1.49222091e-02   7.92708062e-03]]

  [[  5.21691814e-02   3.32372375e-02]
   [  3.60194109e-02   2.26889793e-02]]

  [[  1.53843570e-03   1.47363590e-02]
   [ -1.04324250e-02   2.03472991e-02]]

  [[ -7.50404783e-03  -1.91911794e-02]
   [  1.12558552e-03  -1.96394213e-02]]

  [[  3.50165702e-02   9.01909359e-03]
   [  1.15655921e-02   4.66610538e-03]]

  [[  5.64063601e-02   4.69900854e-02]
   [  5.02862148e-02   3.66438888e-02]]

  [[  3.61112617e-02   1.33589990e-02]
   [  2.53268648e-02   1.33814849e-02]]

  [[  8.46688822e-03   4.75155674e-02]
   [  5.37917949e-03   3.60893942e-02]]

  [[  1.80182997e-02  -3.84390466e-02]
   [  2.05921512e-02  -3.55029739e-02]]

  [[ -1.23317242e-02  -6.87088876e-04]
   [ -7.37056322e-03  -2.01663794e-03]]

  [[  1.37003316e-02   6.14403374e-03]
   [  1.25920745e-02   2.92200944e-03]]

  [[  4.26050201e-02   4.91513200e-02]
   [  4.64169234e-02   6.19509257e-02]]

  [[  8.51247236e-02   9.72757787e-02]
   [  9.22796801e-02   9.92246419e-02]]

  [[  2.80045215e-02  -6.81268284e-03]
   [  2.57708747e-02  -9.39713325e-04]]

  [[  7.74488524e-02   6.57202974e-02]
   [  8.73191729e-02   7.73267448e-02]]

  [[ -6.22091349e-03  -4.75264480e-03]
   [  8.39991379e-04  -2.88687088e-03]]

  [[  3.60671035e-03   8.62891506e-03]
   [  1.18124839e-02   1.04696732e-02]]

  [[ -7.51766842e-03  -8.96158256e-03]
   [ -1.25069567e-03  -5.46498643e-03]]

  [[ -1.05777355e-02  -3.42318765e-03]
   [ -9.09763109e-03  -3.21415393e-03]]

  [[ -3.49627770e-02  -1.74450176e-03]
   [ -1.20520713e-02   3.06149502e-03]]

  [[ -1.77626405e-03  -3.17413290e-03]
   [ -6.49672875e-04  -1.66872982e-03]]]]