[[[[  0.00000000e+00   8.28113705e-02   1.41455293e-01   1.05368774e-02
      0.00000000e+00   4.10182998e-02   2.45557409e-02   1.69937592e-02]
   [  9.20690410e-03   5.25205880e-02   1.10511161e-01   2.78761536e-01
      4.49689835e-01   3.37595269e-02   2.67382022e-02   1.43102724e-02]
   [  9.88032110e-03   4.25623879e-02   1.99801072e-01   3.33877802e-01
      5.36727190e-01   1.53253183e-01   2.62981448e-02   1.23762842e-02]
   [  0.00000000e+00   1.85612645e-02   7.81368241e-02   2.65888542e-01
      1.68237761e-01   1.39030367e-01   2.38823947e-02   1.38462093e-02]
   [  0.00000000e+00   0.00000000e+00   2.65570343e-01   2.91053593e-01
      3.06734890e-01   2.34312460e-01   5.84913976e-03   1.51143502e-02]
   [  0.00000000e+00   0.00000000e+00   1.99810699e-01   2.54877836e-01
      2.26286128e-01   1.55883342e-01   2.36716811e-02   3.19442004e-02]
   [  1.40712280e-02   2.81312503e-03   3.58426273e-02   2.65465289e-01
      2.08499417e-01   5.39139062e-02   3.05278245e-02   3.73533294e-02]
   [  1.24185737e-02   5.24945371e-03   3.44890207e-02   7.05487579e-02
      1.95258614e-02   2.63764095e-02   3.41535807e-02   4.46498170e-02]]

  [[  3.12382340e-01   3.13496470e-01   3.55580509e-01   5.67081690e-01
      5.73772192e-01   4.58027571e-01   3.23802203e-01   2.85329878e-01]
   [  3.12164545e-01   4.35562521e-01   6.19259834e-01   6.83340073e-01
      4.85310256e-01   4.77834463e-01   3.34331512e-01   2.90494859e-01]
   [  3.05321485e-01   5.50652862e-01   1.00578809e+00   1.15190446e+00
      9.74174261e-01   4.66606677e-01   3.43000412e-01   2.55602092e-01]
   [  2.89900005e-01   6.23751402e-01   1.11377811e+00   1.22112381e+00
      1.13841045e+00   5.42943418e-01   2.81218529e-01   2.09232301e-01]
   [  2.83893168e-01   7.62229800e-01   9.80078101e-01   1.35465014e+00
      1.12235594e+00   4.22995627e-01   2.44277745e-01   1.62064344e-01]
   [  2.22702265e-01   7.37989068e-01   9.45203066e-01   9.54934359e-01
      8.29757452e-01   4.07345355e-01   1.60710201e-01   1.26865417e-01]
   [  1.38710886e-01   3.63946795e-01   6.81824803e-01   7.33989120e-01
      5.51440477e-01   2.22160593e-01   1.09115362e-01   9.04669017e-02]
   [  1.95613474e-01   2.76924491e-01   5.63980699e-01   7.01099873e-01
      4.84285533e-01   1.92914203e-01   1.44066423e-01   5.37454374e-02]]

  [[  2.30319127e-01   3.27865541e-01   3.62657815e-01   1.55408502e-01
      2.90642846e-02   3.71546745e-01   2.99904317e-01   2.17717990e-01]
   [  2.41610646e-01   2.76834816e-01   8.39243948e-01   1.22724223e+00
      1.23349190e+00   3.01699579e-01   2.96118259e-01   1.91594094e-01]
   [  2.39803702e-01   3.71941686e-01   1.22264755e+00   1.52539933e+00
      1.39928055e+00   5.22301197e-01   2.38626331e-01   1.49623528e-01]
   [  1.38511971e-01   3.75247568e-01   8.02574933e-01   8.59788835e-01
      7.81288207e-01   3.34935397e-01   1.51781544e-01   8.08786154e-02]
   [  6.71807379e-02   5.42398274e-01   1.46146059e+00   1.32456136e+00
      9.45175111e-01   5.94675660e-01   5.44072725e-02   3.18685696e-02]
   [  4.37373258e-02   4.06751484e-01   1.12861967e+00   9.70280468e-01
      6.96324944e-01   4.28561598e-01   2.53238380e-02   2.40855515e-02]
   [  8.84129293e-03   1.10755146e-01   6.08892441e-01   7.49719143e-01
      3.43782514e-01   8.67831260e-02   2.13893894e-02   1.90863833e-02]
   [  0.00000000e+00   7.14342855e-03   4.14417803e-01   4.73600835e-01
      2.49307342e-02   5.42731956e-02   1.53373145e-02   1.51882619e-02]]

  [[  1.60676613e-02   1.42937237e-02   2.59485215e-01   5.49948215e-01
      4.58270162e-01   1.15748487e-01   0.00000000e+00   0.00000000e+00]
   [  1.55337164e-02   1.33819178e-01   4.78404701e-01   5.48435867e-01
      3.36648881e-01   1.21231519e-01   9.08085238e-03   0.00000000e+00]
   [  1.14455996e-02   1.84488103e-01   2.97618449e-01   9.18596685e-02
      0.00000000e+00   1.12898268e-01   1.85057484e-02   0.00000000e+00]
   [  2.40609758e-02   1.74054012e-01   3.05694431e-01   2.65127450e-01
      1.87655792e-01   1.27334699e-01   0.00000000e+00   1.74968503e-02]
   [  4.73623425e-02   2.47739792e-01   2.71909297e-01   1.36998385e-01
      1.52832195e-01   0.00000000e+00   4.06630002e-02   6.15947321e-02]
   [  6.50221184e-02   1.54598534e-01   1.31705537e-01   1.27070561e-01
      8.06386471e-02   5.94748408e-02   7.41010159e-02   9.16733071e-02]
   [  1.00926138e-01   1.28768653e-01   1.62126571e-01   1.11125574e-01
      5.28898984e-02   1.05859071e-01   1.10001124e-01   1.32837415e-01]
   [  1.74598396e-01   1.92659721e-01   1.64133966e-01   1.51841491e-01
      2.77369171e-01   1.42759681e-01   1.46338388e-01   1.73945189e-01]]

  [[  0.00000000e+00   1.95290602e-03   2.01646201e-02   1.74442735e-02
      0.00000000e+00   0.00000000e+00   0.00000000e+00   0.00000000e+00]
   [  0.00000000e+00   0.00000000e+00   0.00000000e+00   0.00000000e+00
      6.17438881e-03   0.00000000e+00   0.00000000e+00   0.00000000e+00]
   [  0.00000000e+00   0.00000000e+00   0.00000000e+00   0.00000000e+00
      0.00000000e+00   0.00000000e+00   0.00000000e+00   2.04169424e-03]
   [  0.00000000e+00   0.00000000e+00   0.00000000e+00   0.00000000e+00
      0.00000000e+00   0.00000000e+00   1.31259370e-03   3.45168146e-03]
   [  0.00000000e+00   0.00000000e+00   0.00000000e+00   0.00000000e+00
      0.00000000e+00   2.19859136e-03   3.58282286e-03   5.04881795e-03]
   [  1.30197662e-03   0.00000000e+00   0.00000000e+00   0.00000000e+00
      2.99728126e-04   4.78176447e-03   4.36638948e-03   5.64294262e-03]
   [  3.04202829e-03   1.99007685e-03   0.00000000e+00   0.00000000e+00
      1.71876966e-03   5.78236720e-03   6.78476691e-03   7.77385663e-03]
   [  4.71523404e-03   2.81067425e-03   0.00000000e+00   6.96328422e-03
      1.39265542e-03   7.51406839e-03   1.07832886e-02   1.01178922e-02]]

  [[  5.25815375e-02   6.18588962e-02   0.00000000e+00   3.90898168e-01
      5.92318118e-01   2.52765417e-01   5.87707385e-03   0.00000000e+00]
   [  5.83743788e-02   1.62689328e-01   7.32140541e-01   5.75447142e-01
      5.17235518e-01   4.21492606e-01   2.31903680e-02   0.00000000e+00]
   [  5.16821928e-02   5.45135736e-01   9.05168533e-01   2.32301459e-01
      5.41053340e-03   3.75201762e-01   3.92555781e-02   0.00000000e+00]
   [  4.42584716e-02   3.06943148e-01   4.49670553e-01   7.29720056e-01
      4.04857457e-01   4.07687604e-01   4.34066728e-03   0.00000000e+00]
   [  6.08963035e-02   5.60918033e-01   5.69998801e-01   3.99053991e-01
      6.12267435e-01   2.69371532e-02   1.66079365e-02   3.35215777e-03]
   [  5.17899953e-02   4.39034075e-01   4.20338660e-01   4.64383125e-01
      4.69204187e-01   6.68184161e-02   2.84991004e-02   2.41958834e-02]
   [  3.88185643e-02   2.51609951e-01   3.50190669e-01   2.82640785e-01
      2.63207376e-01   1.26368165e-01   2.57356055e-02   3.80975045e-02]
   [  5.39390780e-02   1.94697410e-01   3.11974466e-01   5.72305061e-02
      3.50995004e-01   1.07120499e-01   4.00301106e-02   5.64452298e-02]]

  [[  3.68879363e-02   9.82224271e-02   4.86886024e-01   6.64155602e-01
      5.37736416e-01   1.41219348e-01   2.04497259e-02   3.96336541e-02]
   [  3.73116881e-02   1.09133050e-01   2.96475589e-01   3.19638550e-01
      2.96665400e-01   1.41194552e-01   3.71022373e-02   6.00167438e-02]
   [  5.07282242e-02   7.39651769e-02   0.00000000e+00   0.00000000e+00
      4.01616096e-02   1.21394612e-01   6.52272254e-02   1.06139444e-01]
   [  9.64651406e-02   6.35412633e-02   2.68316530e-02   7.49920867e-03
      9.43082422e-02   9.97498780e-02   1.15304343e-01   1.74375728e-01]
   [  1.55589014e-01   8.05908218e-02   0.00000000e+00   0.00000000e+00
      0.00000000e+00   1.25466704e-01   2.07993209e-01   2.52733946e-01]
   [  2.22663432e-01   1.89455956e-01   5.20402566e-04   0.00000000e+00
      6.12135045e-02   2.31084391e-01   2.71282554e-01   3.11940074e-01]
   [  3.04075450e-01   2.77998120e-01   1.27330735e-01   6.53994828e-02
      2.35456258e-01   3.08095276e-01   3.52795988e-01   3.98643762e-01]
   [  3.82796109e-01   3.14068884e-01   1.60697997e-01   3.49330127e-01
      4.05632883e-01   3.33658069e-01   4.06710804e-01   4.67249006e-01]]

  [[  0.00000000e+00   8.88736919e-04   5.20017967e-02   1.62193298e-01
      1.80273548e-01   7.86202550e-02   0.00000000e+00   0.00000000e+00]
   [  5.18432818e-04   1.51429493e-02   1.09101683e-01   1.51428536e-01
      1.56723514e-01   9.31036174e-02   7.90386647e-03   0.00000000e+00]
   [  5.28270658e-03   8.18338990e-03   3.55003625e-02   3.05428635e-03
      6.37098998e-02   6.52415603e-02   2.70850509e-02   2.75766477e-04]
   [  4.31839377e-03   1.06992722e-02   6.11010306e-02   1.03571191e-01
      9.81062204e-02   7.48299509e-02   2.01894455e-02   1.00615285e-02]
   [  1.57811884e-02   9.62145254e-03   4.53891754e-02   3.38232368e-02
      9.52119231e-02   2.15864554e-02   1.62387453e-02   2.19909213e-02]
   [  2.24417783e-02   0.00000000e+00   3.03160399e-02   3.19872797e-02
      5.84237538e-02   2.34093107e-02   2.54605450e-02   2.99375877e-02]
   [  3.33056338e-02   2.71592513e-02   3.11738886e-02   3.35064232e-02
      4.81724702e-02   4.03476134e-02   3.52639556e-02   4.23908569e-02]
   [  4.54948358e-02   5.07025011e-02   5.24110012e-02   4.49810810e-02
      8.72177780e-02   5.76501451e-02   4.86945100e-02   5.33782654e-02]]

  [[  1.55572128e-02   1.08262539e-01   1.55569628e-01   0.00000000e+00
      2.54168101e-02   4.14241776e-02   2.79786028e-02   2.23207790e-02]
   [  3.93245444e-02   7.55782723e-02   7.31708705e-02   1.27537429e-01
      2.06254423e-01   4.42831665e-02   3.48953679e-02   2.40900926e-02]
   [  4.45056558e-02   4.92556840e-02   1.87962398e-01   2.28293926e-01
      2.89292634e-01   3.90183963e-02   4.44257818e-02   2.32125670e-02]
   [  1.79935619e-02   2.45556254e-02   3.53843942e-02   1.44994721e-01
      1.01688951e-01   9.22107249e-02   4.07458469e-02   2.37991698e-02]
   [  1.27962120e-02   7.25003146e-03   1.99503258e-01   2.01717019e-01
      2.03753620e-01   1.02314726e-01   2.07637586e-02   2.62830034e-02]
   [  1.64860580e-02   0.00000000e+00   1.53649881e-01   5.49052507e-02
      1.30593359e-01   4.46848683e-02   2.86853127e-02   3.24408151e-02]
   [  2.37736646e-02   1.25412345e-02   8.77973884e-02   1.47807315e-01
      1.26842484e-01   3.08692493e-02   3.41608524e-02   3.68763916e-02]
   [  2.29359511e-02   1.56917591e-02   6.03755973e-02   6.06209449e-02
      7.84151629e-03   3.53859067e-02   3.41017283e-02   3.84657197e-02]]

  [[  0.00000000e+00   4.54899669e-01   1.42551470e+00   1.61217678e+00
      9.93453324e-01   1.37837157e-01   1.91000961e-02   3.61604728e-02]
   [  1.85131840e-02   5.56991816e-01   6.40040278e-01   2.52533436e-01
      2.63019830e-01   1.82989269e-01   5.55313937e-02   5.87844513e-02]
   [  6.56311810e-02   3.24863404e-01   1.33869016e+00   1.93454325e+00
      1.93286908e+00   6.34632587e-01   5.40660806e-02   7.62369037e-02]
   [  6.80063963e-02   5.98382235e-01   1.66645825e+00   1.46592760e+00
      1.31967843e+00   2.85073847e-01   1.36038780e-01   7.97765404e-02]
   [  9.75158811e-02   2.95332491e-01   8.89661431e-01   1.60923600e+00
      1.03387117e+00   5.58301330e-01   1.26521066e-01   9.42554027e-02]
   [  1.01093546e-01   5.35130382e-01   9.81566727e-01   1.19380426e+00
      1.00531816e+00   5.08527517e-01   7.36866593e-02   7.35335052e-02]
   [  8.24704766e-02   1.90050885e-01   4.55557287e-01   1.09046900e+00
      1.19762158e+00   2.24689901e-01   1.03855416e-01   1.10588685e-01]
   [  4.66392994e-01   4.57816958e-01   6.86533213e-01   1.57503915e+00
      1.16629648e+00   2.38840163e-01   2.38698959e-01   1.68741822e-01]]

  [[  4.08459842e-01   4.68680918e-01   6.46473646e-01   8.19447577e-01
      8.74131262e-01   5.17563045e-01   3.94789457e-01   3.98400366e-01]
   [  4.20770645e-01   5.10108352e-01   6.77601755e-01   8.31393003e-01
      9.18377399e-01   7.42647409e-01   4.05297279e-01   4.03941154e-01]
   [  4.30153936e-01   6.00381255e-01   6.12687290e-01   4.57688034e-01
      5.34173310e-01   6.44771874e-01   4.51667070e-01   4.16992247e-01]
   [  4.20919478e-01   4.91839886e-01   6.33756757e-01   7.19681382e-01
      6.81111872e-01   5.94493806e-01   4.45286959e-01   4.46138978e-01]
   [  4.51294601e-01   5.50606489e-01   6.85392976e-01   6.80751920e-01
      5.86986303e-01   5.43194592e-01   4.64202583e-01   4.81369138e-01]
   [  4.65961277e-01   5.45632005e-01   5.24380088e-01   5.88331044e-01
      6.19593143e-01   4.82725859e-01   4.90098178e-01   5.12588561e-01]
   [  5.01359463e-01   5.20250380e-01   5.70555687e-01   5.71565926e-01
      5.73090076e-01   5.12761116e-01   5.28894305e-01   5.49893379e-01]
   [  5.26068807e-01   5.05051374e-01   6.23424351e-01   6.68685138e-01
      6.19830847e-01   5.64421356e-01   5.80947280e-01   5.80683947e-01]]

  [[  0.00000000e+00   0.00000000e+00   6.29078627e-01   1.09026825e+00
      6.94182396e-01   0.00000000e+00   1.96687132e-03   0.00000000e+00]
   [  0.00000000e+00   1.25630513e-01   1.06055510e+00   1.43670619e+00
      1.08022392e+00   9.28697139e-02   0.00000000e+00   0.00000000e+00]
   [  0.00000000e+00   5.91523871e-02   8.35694671e-02   4.85543236e-02
      5.93265891e-03   3.74445319e-02   0.00000000e+00   0.00000000e+00]
   [  0.00000000e+00   2.77610809e-01   7.48386621e-01   7.06573725e-01
      7.15789676e-01   3.19791287e-01   0.00000000e+00   0.00000000e+00]
   [  0.00000000e+00   2.28006840e-01   4.35461134e-01   2.78418124e-01
      2.57807106e-01   1.33469895e-01   0.00000000e+00   0.00000000e+00]
   [  0.00000000e+00   2.46896744e-02   1.66942075e-01   3.49048674e-01
      1.87433854e-01   1.54201798e-02   6.83892518e-04   1.74802840e-02]
   [  0.00000000e+00   1.08940899e-03   2.01943949e-01   4.42771494e-01
      2.43597150e-01   8.79566371e-03   6.81177527e-03   1.44634657e-02]
   [  9.47919637e-02   1.71276852e-01   2.64731377e-01   5.06346345e-01
      4.39062387e-01   1.83355704e-01   1.33832470e-01   6.86859637e-02]]

  [[  3.10364395e-01   3.10386032e-01   0.00000000e+00   1.10490024e-01
      8.82812977e-01   7.17149317e-01   2.89216250e-01   2.11770281e-01]
   [  3.13824296e-01   3.46761107e-01   8.60628605e-01   8.79101694e-01
      4.56146449e-01   5.40433526e-01   3.41047734e-01   1.88107997e-01]
   [  2.81887770e-01   6.02097809e-01   1.59725869e+00   1.53993392e+00
      1.16349006e+00   4.89908934e-01   3.71774077e-01   1.58335149e-01]
   [  2.54452854e-01   3.37639004e-01   4.29224521e-01   5.26284695e-01
      5.94466440e-02   2.34633401e-01   2.59257317e-01   1.09784380e-01]
   [  2.29754776e-01   1.05601454e+00   1.40867209e+00   9.18390512e-01
      1.11530697e+00   1.94292858e-01   1.02214336e-01   8.63048956e-02]
   [  1.55771777e-01   9.59606647e-01   1.31844914e+00   4.14785713e-01
      8.05136025e-01   1.47252247e-01   8.84856284e-02   8.29267800e-02]
   [  1.38550669e-01   3.73589963e-01   7.90156484e-01   6.35388136e-01
      2.38488764e-01   8.61098021e-02   8.77774507e-02   8.98560062e-02]
   [  1.26113907e-01   1.69848606e-01   4.09229040e-01   1.84201822e-01
      1.06289901e-01   5.86849637e-02   6.51053935e-02   6.46651089e-02]]

  [[  3.83612327e-02   1.19102135e-01   6.72225654e-01   1.85469127e+00
      2.04650450e+00   1.02551877e+00   2.82028653e-02   4.41192128e-02]
   [  9.74674225e-02   3.34728509e-01   2.71153212e-01   0.00000000e+00
      2.79322743e-01   8.21451664e-01   1.84311032e-01   4.94729169e-02]
   [  1.23326346e-01   4.40289855e-01   1.48796737e+00   1.73579264e+00
      1.93052042e+00   7.52718329e-01   2.72026300e-01   6.96603209e-02]
   [  1.66714519e-01   2.52854884e-01   1.01864100e+00   1.31539178e+00
      1.11051202e+00   6.39225125e-01   2.28387132e-01   1.31498471e-01]
   [  2.20286146e-01   7.68511355e-01   7.95727432e-01   1.58935773e+00
      1.43965447e+00   3.33702981e-01   2.21885756e-01   1.52264386e-01]
   [  1.73213214e-01   8.23434234e-01   1.12922502e+00   1.08653152e+00
      1.20669043e+00   3.40924561e-01   1.52542502e-01   1.53716296e-01]
   [  2.31705353e-01   3.86705101e-01   9.56412137e-01   1.21910977e+00
      9.14032996e-01   2.89536387e-01   1.79223552e-01   2.05782637e-01]
   [  3.76533508e-01   3.53045523e-01   5.71220994e-01   1.27499700e+00
      1.15586126e+00   3.30861926e-01   2.92712420e-01   2.66263306e-01]]

  [[  2.20688328e-01   4.64004368e-01   5.64414740e-01   1.00650247e-02
      1.01092011e-01   3.29551071e-01   2.88817912e-01   2.12599963e-01]
   [  2.66249508e-01   3.40304613e-01   4.78467286e-01   8.58765841e-01
      8.50615621e-01   2.67165720e-01   2.72871166e-01   1.92224786e-01]
   [  2.66625106e-01   2.68040538e-01   1.28170061e+00   1.47965109e+00
      1.36195505e+00   2.47805148e-01   2.53563464e-01   1.77063257e-01]
   [  1.63545161e-01   2.02487007e-01   4.66704726e-01   4.47084576e-01
      1.43234149e-01   2.46729597e-01   2.27951020e-01   1.24825314e-01]
   [  8.35836902e-02   4.15650904e-01   1.34478283e+00   1.06320786e+00
      1.00152624e+00   5.31352282e-01   9.19683874e-02   8.77692252e-02]
   [  7.62592554e-02   4.27708149e-01   1.13609970e+00   6.63007855e-01
      7.68407226e-01   3.58168066e-01   9.05648768e-02   9.90195423e-02]
   [  9.10703763e-02   1.14197254e-01   5.24781168e-01   6.41372085e-01
      3.87756079e-01   9.50178206e-02   1.05029985e-01   1.09690174e-01]
   [  8.06607753e-02   5.74289709e-02   4.25377220e-01   4.85331208e-01
      0.00000000e+00   6.34306520e-02   9.63282138e-02   1.08645529e-01]]

  [[  2.83683002e-01   3.16929609e-01   1.07701159e+00   1.48400760e+00
      9.04408276e-01   2.46395320e-01   2.92969733e-01   3.12874436e-01]
   [  2.48910636e-01   5.01294971e-01   1.55804896e+00   2.22192812e+00
      1.92659676e+00   7.03967571e-01   2.70353317e-01   2.86437243e-01]
   [  2.84170508e-01   4.33690101e-01   2.08726227e-01   4.42603305e-02
      6.25250757e-01   6.66189909e-01   2.53012419e-01   2.62275964e-01]
   [  2.55576491e-01   6.35345757e-01   1.21564507e+00   1.17164719e+00
      1.43411851e+00   7.54077911e-01   2.52622485e-01   2.46880531e-01]
   [  2.25319147e-01   5.42238057e-01   9.03366029e-01   6.86929047e-01
      7.67648995e-01   6.36355579e-01   2.81232089e-01   2.59429485e-01]
   [  2.59439617e-01   3.03015977e-01   2.73945510e-01   8.28212559e-01
      4.05290782e-01   3.01518798e-01   2.76630551e-01   2.83492327e-01]
   [  2.26015300e-01   2.79286802e-01   4.47940052e-01   9.22265351e-01
      6.12754345e-01   2.73303151e-01   2.58004576e-01   2.51046509e-01]
   [  3.40615809e-01   4.33954686e-01   6.89804614e-01   9.78863180e-01
      7.03423083e-01   5.00628889e-01   4.17598486e-01   3.15867007e-01]]

  [[  1.36169985e-01   7.60642946e-01   3.24422765e+00   4.22489166e+00
      3.37634587e+00   7.39042461e-01   1.16214648e-01   1.85075939e-01]
   [  1.62264109e-01   1.02219117e+00   2.13025117e+00   2.21067667e+00
      2.20501637e+00   1.05689323e+00   1.90460056e-01   2.51862377e-01]
   [  2.50512600e-01   7.62572825e-01   7.48348594e-01   1.22835290e+00
      1.40323520e+00   1.19016445e+00   3.03962350e-01   3.91373903e-01]
   [  3.21626484e-01   1.05317175e+00   2.28263354e+00   2.53097963e+00
      2.58217692e+00   1.28774869e+00   4.01452512e-01   5.60340226e-01]
   [  5.33332050e-01   5.64480722e-01   6.34629130e-01   2.02392483e+00
      1.13091040e+00   6.94738925e-01   6.93805575e-01   8.12688410e-01]
   [  6.82517946e-01   8.86044443e-01   1.05572689e+00   1.83069432e+00
      1.41296077e+00   8.37724507e-01   8.09875786e-01   9.21849251e-01]
   [  9.01380718e-01   9.44994807e-01   7.66072750e-01   1.21982408e+00
      1.17317307e+00   1.05037796e+00   1.08358169e+00   1.20686948e+00]
   [  1.44256735e+00   1.39485562e+00   1.19560289e+00   2.41197634e+00
      2.22131681e+00   1.37266481e+00   1.44307363e+00   1.39751327e+00]]

  [[  1.25469774e-01   2.58288682e-01   3.24051619e-01   0.00000000e+00
      3.56891192e-02   1.76408008e-01   1.59873113e-01   1.31967053e-01]
   [  1.48369789e-01   2.03034237e-01   1.11579806e-01   3.33721370e-01
      4.28181797e-01   1.59875959e-01   1.53267458e-01   1.23659015e-01]
   [  1.62864625e-01   1.67321816e-01   4.72371787e-01   5.38702607e-01
      6.01928949e-01   1.36101961e-01   1.63463175e-01   1.23716980e-01]
   [  1.12753645e-01   9.68452692e-02   1.45131603e-01   1.21855333e-01
      0.00000000e+00   1.34662196e-01   1.56789213e-01   1.09808877e-01]
   [  7.87001252e-02   7.67757148e-02   5.67472339e-01   4.14054841e-01
      4.94938284e-01   2.84148604e-01   9.27768350e-02   9.32426751e-02]
   [  8.31633061e-02   1.06930554e-01   4.64976728e-01   2.13537514e-01
      3.91625017e-01   2.12600246e-01   9.28572863e-02   9.66583043e-02]
   [  8.97777230e-02   7.30297863e-02   1.92353889e-01   2.38524973e-01
      2.08960339e-01   9.54879969e-02   9.88211855e-02   1.02423117e-01]
   [  8.32596347e-02   6.77141994e-02   1.74102917e-01   2.00843722e-01
      0.00000000e+00   6.22833520e-02   9.36261117e-02   1.02212474e-01]]

  [[  4.28416580e-02   7.56136701e-02   2.73946077e-01   4.70073044e-01
      5.25744140e-01   2.59618741e-02   3.97038870e-02   5.03482297e-02]
   [  4.62460555e-02   2.28388190e-01   1.46806672e-01   1.85029715e-01
      6.78279817e-01   5.85761726e-01   4.65703234e-02   5.68870641e-02]
   [  5.18468618e-02   4.29180324e-01   2.73406148e-01   2.34062180e-01
      2.48327285e-01   6.12799346e-01   5.46771437e-02   5.44504523e-02]
   [  6.11800030e-02   3.02052230e-01   4.27670628e-01   3.34191054e-01
      5.55844486e-01   3.07326347e-01   5.17374389e-02   4.72657606e-02]
   [  1.08181179e-01   1.96047485e-01   9.17821825e-02   5.99375904e-01
      1.24093287e-01   2.39131808e-01   6.71202913e-02   4.64531481e-02]
   [  9.66522470e-02   2.56615609e-01   1.13752671e-01   4.72976953e-01
      2.37190694e-01   1.97408468e-01   5.32932691e-02   4.32674251e-02]
   [  3.46841142e-02   2.18357936e-01   1.95418432e-01   3.11331093e-01
      2.13049829e-01   1.22324221e-01   3.96688692e-02   3.11238989e-02]
   [  7.63765499e-02   1.43973708e-01   2.22221330e-01   3.70420128e-01
      2.62384951e-01   1.39261320e-01   1.17124423e-01   3.70419361e-02]]

  [[  4.58782196e-01   6.37758911e-01   7.97427535e-01   6.84844613e-01
      3.14825803e-01   4.85069573e-01   5.04850090e-01   4.79232937e-01]
   [  4.86746401e-01   5.75697064e-01   8.29770684e-01   9.28092003e-01
      6.83472753e-01   4.76500511e-01   4.88329291e-01   4.75329220e-01]
   [  4.75921631e-01   6.59689307e-01   1.08706248e+00   1.20795572e+00
      9.97274101e-01   5.24246752e-01   4.80840087e-01   4.70333278e-01]
   [  4.45365965e-01   7.19174623e-01   9.30433035e-01   1.00028479e+00
      9.03064311e-01   6.53671443e-01   4.61256683e-01   4.40539360e-01]
   [  4.44182545e-01   6.94525659e-01   1.11194825e+00   1.32996130e+00
      8.63209903e-01   7.25987196e-01   4.38326925e-01   4.04337347e-01]
   [  4.22191322e-01   6.96292341e-01   9.82524991e-01   1.07266557e+00
      8.25910330e-01   6.46356165e-01   4.03796136e-01   3.91137362e-01]
   [  3.76881301e-01   4.88081455e-01   6.79422259e-01   9.37109411e-01
      7.80894697e-01   4.58075166e-01   3.91921282e-01   3.88077348e-01]
   [  3.81460100e-01   3.83130193e-01   6.28458142e-01   8.29550564e-01
      5.58588386e-01   4.03174579e-01   3.71698081e-01   3.69888961e-01]]

  [[  5.61056472e-02   2.11844698e-01   9.94101048e-01   1.46828294e+00
      1.06025827e+00   2.29042336e-01   6.87070265e-02   8.44701231e-02]
   [  6.37920648e-02   3.61189663e-01   1.25751913e+00   1.78955030e+00
      1.35415626e+00   3.12444001e-01   6.56079575e-02   1.16098590e-01]
   [  9.95097980e-02   2.56220251e-01   6.87974691e-01   7.49407232e-01
      7.03735173e-01   2.49037743e-01   1.13668412e-01   7.21414313e-02]
   [  1.10654205e-01   5.12419522e-01   1.25985062e+00   1.54331672e+00
      1.42952240e+00   7.50709593e-01   1.26203716e-01   6.34198487e-02]
   [  1.33346438e-01   7.26386666e-01   1.30974734e+00   1.49843967e+00
      1.14083612e+00   4.58084852e-01   1.60486773e-01   8.28435123e-02]
   [  1.10778078e-01   3.94679457e-01   9.61788356e-01   1.90678144e+00
      1.35918903e+00   2.64067471e-01   1.10701896e-01   9.07019079e-02]
   [  6.61480054e-02   2.96368241e-01   8.62476051e-01   1.32568383e+00
      1.07523167e+00   1.58085883e-01   7.39717856e-02   7.39360303e-02]
   [  3.45076263e-01   3.37121457e-01   6.36568904e-01   1.03111994e+00
      8.58712733e-01   3.32654685e-01   2.32699692e-01   1.43501207e-01]]

  [[  1.10473707e-01   4.33926016e-01   9.06734347e-01   8.36337447e-01
      4.02675450e-01   1.53771222e-01   1.61407709e-01   1.83646306e-01]
   [  1.38626784e-01   4.71403360e-01   5.66253245e-01   5.79303026e-01
      1.28304136e+00   7.02240705e-01   1.63949296e-01   1.85714707e-01]
   [  1.65588617e-01   5.33331752e-01   1.32594407e-01   3.92135918e-01
      1.05206966e+00   9.96372223e-01   1.79118469e-01   2.00033396e-01]
   [  1.19242042e-01   4.80236202e-01   6.25086248e-01   7.02522218e-01
      7.78875053e-01   5.04743516e-01   1.82550177e-01   1.86348483e-01]
   [  1.68927059e-01   1.62017435e-01   4.38766688e-01   9.79022503e-01
      4.35212106e-01   6.66105866e-01   1.82819650e-01   1.82403669e-01]
   [  1.82348981e-01   2.40990996e-01   2.92203933e-01   7.84796119e-01
      3.18738967e-01   5.86939037e-01   1.82398185e-01   1.84229970e-01]
   [  1.24984339e-01   2.01561108e-01   1.09695807e-01   6.01266682e-01
      4.04956549e-01   3.37416738e-01   1.85250968e-01   1.81429833e-01]
   [  1.71011373e-01   1.86588362e-01   3.84469688e-01   7.96490431e-01
      3.49325627e-01   3.64524156e-01   2.99439549e-01   1.99295700e-01]]

  [[  1.30029142e-01   1.86138213e-01   2.32786790e-01   2.09303781e-01
      1.98038034e-02   2.01281130e-01   1.85223147e-01   1.40614510e-01]
   [  1.29705861e-01   2.36529782e-01   7.75495172e-01   1.06384993e+00
      1.14314854e+00   1.69414327e-01   1.55629694e-01   1.12071492e-01]
   [  1.35165170e-01   1.85537875e-01   6.02703035e-01   7.41888344e-01
      8.81634057e-01   2.63175517e-01   1.33467004e-01   8.33063722e-02]
   [  7.87078589e-02   2.35207558e-01   5.81251204e-01   6.56425297e-01
      5.84897280e-01   3.00255805e-01   7.86262304e-02   3.79847698e-02]
   [  1.94655429e-03   2.80237019e-01   7.98403680e-01   6.44086242e-01
      6.63611889e-01   4.20723081e-01   1.01453019e-02   8.24661553e-03]
   [  0.00000000e+00   1.39948521e-02   5.89280128e-01   5.04696131e-01
      3.83889914e-01   2.63366848e-01   1.08382544e-02   1.14004249e-02]
   [  0.00000000e+00   0.00000000e+00   3.39297682e-01   4.62418109e-01
      1.97133064e-01   4.66694981e-02   2.26322259e-03   1.04426849e-03]
   [  0.00000000e+00   1.49357300e-02   2.03008905e-01   2.15894997e-01
      2.19347142e-02   5.24846502e-02   2.78678220e-02   8.86750314e-03]]

  [[  6.15238920e-02   4.95051891e-01   9.00660574e-01   4.80029672e-01
      1.07237987e-01   1.17079876e-01   8.70215669e-02   9.60746482e-02]
   [  6.39343485e-02   9.62438345e-01   6.56532824e-01   9.14385840e-02
      8.90121818e-01   4.13683087e-01   1.23952053e-01   1.04045562e-01]
   [  1.24928273e-01   6.88004553e-01   7.96159089e-01   6.00733399e-01
      1.13433540e+00   7.07587838e-01   1.87787697e-01   1.25555158e-01]
   [  1.15910150e-01   3.92805487e-01   9.61109281e-01   9.56355512e-01
      4.26512092e-01   2.71403790e-01   1.83123410e-01   1.19287722e-01]
   [  1.97636291e-01   3.51180196e-01   5.15420496e-01   1.09819508e+00
      7.77379394e-01   6.11802042e-01   1.12972997e-01   1.09122492e-01]
   [  1.46381751e-01   1.70884356e-01   6.48422837e-01   9.18353677e-01
      7.70361006e-01   4.96719748e-01   1.09417908e-01   1.05937622e-01]
   [  9.10872668e-02   1.98553726e-01   3.32875669e-01   5.22528410e-01
      7.58781791e-01   1.85018778e-01   1.12787656e-01   1.14887007e-01]
   [  1.30823880e-01   2.14241281e-01   2.88283467e-01   6.70811653e-01
      4.42120999e-01   1.62633494e-01   1.08017929e-01   1.06615625e-01]]

  [[  1.70416743e-01   3.06332082e-01   9.12399173e-01   1.15442288e+00
      9.48534727e-01   3.48343700e-01   1.42226487e-01   1.87323600e-01]
   [  1.73924550e-01   5.94040155e-01   6.23896837e-01   2.60975748e-01
      3.71250361e-01   4.42712992e-01   1.85460418e-01   2.17759073e-01]
   [  2.14077979e-01   5.39731920e-01   1.94690287e-01   1.15922548e-01
      5.61368525e-01   6.04274273e-01   2.06282362e-01   2.87996560e-01]
   [  2.77183115e-01   3.57622415e-01   3.84831846e-01   2.56902337e-01
      3.53847235e-01   3.26249361e-01   3.15535903e-01   3.78357649e-01]
   [  3.66733670e-01   3.75568748e-01   5.59966192e-02   4.11236346e-01
      2.20945954e-01   4.03612733e-01   4.07532126e-01   4.55195576e-01]
   [  4.26354140e-01   4.29040432e-01   1.84526742e-01   3.27433735e-01
      3.22233319e-01   4.60428059e-01   4.78969067e-01   5.21633506e-01]
   [  5.24808168e-01   4.99557674e-01   3.48980844e-01   4.39010143e-01
      6.96889997e-01   5.55377781e-01   5.69321334e-01   6.20678782e-01]
   [  6.27502203e-01   5.46326935e-01   3.72164786e-01   6.67820692e-01
      8.17112088e-01   5.51761508e-01   6.04145050e-01   6.81893110e-01]]

  [[  1.09460182e-01   8.75930563e-02   6.70979142e-01   1.61532569e+00
      1.35836697e+00   2.71962047e-01   4.76770028e-02   4.76053655e-02]
   [  9.45340544e-02   3.76121193e-01   1.54228938e+00   1.97471428e+00
      1.50934231e+00   4.22493815e-01   3.02702561e-02   2.92851310e-02]
   [  8.54971558e-02   4.92658675e-01   7.61958361e-01   1.61326863e-02
      0.00000000e+00   4.12275225e-01   1.03323534e-01   2.78681386e-02]
   [  1.03649855e-01   4.50282663e-01   9.35750246e-01   1.00575244e+00
      8.71916652e-01   5.52542746e-01   7.31087029e-02   8.98718685e-02]
   [  1.46838307e-01   7.01124191e-01   8.94726813e-01   4.07718480e-01
      4.75973755e-01   5.62730953e-02   1.48511216e-01   1.93084657e-01]
   [  1.91264957e-01   2.81665355e-01   1.67250931e-01   4.91521150e-01
      3.59874308e-01   2.26019844e-01   2.24240214e-01   2.68150061e-01]
   [  2.60306150e-01   3.06373805e-01   3.52994442e-01   4.81193841e-01
      3.17977637e-01   2.96917886e-01   2.89821118e-01   3.37488204e-01]
   [  4.50861394e-01   5.34104645e-01   4.91441816e-01   5.47246575e-01
      8.90427947e-01   4.68045175e-01   4.12748337e-01   4.51795489e-01]]

  [[  0.00000000e+00   1.27245709e-01   7.00699806e-01   1.19151330e+00
      9.97394800e-01   2.82619238e-01   0.00000000e+00   7.63330609e-03]
   [  9.55769420e-03   9.35340375e-02   1.01395711e-01   0.00000000e+00
      3.05460215e-01   2.89573640e-01   3.32977697e-02   2.33753808e-02]
   [  3.63407321e-02   1.84455171e-01   4.76657271e-01   6.43344223e-01
      6.59087420e-01   3.70091528e-01   6.91844523e-02   6.20296709e-02]
   [  6.31363094e-02   2.22600684e-01   6.88580930e-01   6.69869423e-01
      6.76636934e-01   3.15225184e-01   9.95950401e-02   1.07770830e-01]
   [  1.17675096e-01   1.40850291e-01   8.52210820e-02   5.61502934e-01
      3.51720840e-01   1.76399425e-01   1.42536581e-01   1.57254577e-01]
   [  1.40137404e-01   2.95759290e-01   2.95068860e-01   5.01275361e-01
      4.08646613e-01   2.28066862e-01   1.51681960e-01   1.73349008e-01]
   [  1.94035590e-01   2.58788466e-01   2.63289392e-01   3.35903138e-01
      3.75267357e-01   2.44377881e-01   2.14040175e-01   2.44725913e-01]
   [  3.26586396e-01   2.96797544e-01   3.33418250e-01   7.42535174e-01
      6.55842543e-01   2.63528734e-01   3.00269336e-01   2.90001452e-01]]

  [[  1.30713321e-02   8.83534551e-03   1.38633013e-01   3.96055490e-01
      3.05738032e-01   1.28665566e-02   1.11627001e-02   1.06944498e-02]
   [  7.16873026e-03   5.02598360e-02   4.36737865e-01   6.37812495e-01
      4.84759271e-01   6.72035813e-02   3.24909249e-03   5.71559230e-03]
   [  6.66164560e-03   7.22809955e-02   1.38347670e-01   4.42423671e-02
      3.03816833e-02   6.09279573e-02   1.96754634e-02   0.00000000e+00]
   [  6.17240975e-03   5.83720952e-02   2.68554866e-01   3.15081179e-01
      3.09513152e-01   1.95933670e-01   1.76188909e-02   0.00000000e+00]
   [  6.34121662e-03   1.40202627e-01   2.75404155e-01   1.89215884e-01
      1.52716950e-01   6.82026744e-02   1.24037340e-02   1.00994296e-02]
   [  1.01754665e-02   6.83391327e-03   1.74417868e-02   2.36548141e-01
      1.53779149e-01   4.16292027e-02   2.27014367e-02   2.59326771e-02]
   [  1.28852613e-02   1.87800881e-02   6.48859367e-02   2.07680359e-01
      1.43400043e-01   3.33681405e-02   1.98540073e-02   2.53731403e-02]
   [  5.26811741e-02   8.44198167e-02   8.13318938e-02   1.84268638e-01
      2.48273835e-01   9.60976332e-02   6.59293011e-02   5.21185808e-02]]

  [[  0.00000000e+00   0.00000000e+00   2.83852279e-01   5.24222434e-01
      3.98223013e-01   4.37515378e-02   0.00000000e+00   0.00000000e+00]
   [  0.00000000e+00   6.78738132e-02   3.84764582e-01   4.09896404e-01
      2.97191262e-01   8.51448402e-02   0.00000000e+00   0.00000000e+00]
   [  0.00000000e+00   6.98222741e-02   5.22507578e-02   0.00000000e+00
      0.00000000e+00   6.39617220e-02   0.00000000e+00   0.00000000e+00]
   [  0.00000000e+00   1.50951743e-01   3.06518555e-01   2.93290228e-01
      2.76000649e-01   1.83230460e-01   0.00000000e+00   0.00000000e+00]
   [  0.00000000e+00   8.86934847e-02   9.34992731e-02   2.01362729e-01
      1.37868375e-01   0.00000000e+00   0.00000000e+00   0.00000000e+00]
   [  0.00000000e+00   3.81731614e-02   5.87280169e-02   1.71977893e-01
      1.09391712e-01   5.88927418e-03   1.41859055e-04   2.13844702e-03]
   [  0.00000000e+00   2.96697598e-02   4.69424650e-02   1.04702324e-01
      2.80389246e-02   2.08146404e-02   0.00000000e+00   4.16619144e-03]
   [  7.74013177e-02   1.29617319e-01   1.00591630e-01   1.68739319e-01
      1.91334501e-01   7.53012747e-02   5.84038123e-02   2.80568097e-02]]

  [[  3.74838352e-01   4.19839382e-01   1.55724391e-01   8.81611779e-02
      3.88164550e-01   5.79001069e-01   4.30142194e-01   2.79997647e-01]
   [  3.78212631e-01   5.09393513e-01   1.92754626e+00   2.21511626e+00
      1.71291244e+00   4.66602564e-01   3.97594929e-01   2.30298921e-01]
   [  3.35891426e-01   6.54325068e-01   2.37469745e+00   2.58815956e+00
      2.04382539e+00   3.19735765e-01   3.60080123e-01   1.50514841e-01]
   [  2.26513505e-01   7.73581862e-01   1.40983915e+00   1.44245672e+00
      1.13651872e+00   4.53181475e-01   2.03824967e-01   2.96094641e-02]
   [  1.25632524e-01   1.30139518e+00   2.15430164e+00   1.72325540e+00
      1.62548912e+00   6.04452491e-01   0.00000000e+00   0.00000000e+00]
   [  1.48326196e-02   9.56266701e-01   1.78134203e+00   1.21213436e+00
      1.09548616e+00   2.87946850e-01   0.00000000e+00   0.00000000e+00]
   [  0.00000000e+00   2.12918445e-01   1.15416837e+00   1.07049835e+00
      4.70233679e-01   0.00000000e+00   0.00000000e+00   0.00000000e+00]
   [  0.00000000e+00   5.53215481e-02   4.99887288e-01   3.82431924e-01
      0.00000000e+00   0.00000000e+00   0.00000000e+00   0.00000000e+00]]

  [[  9.44799334e-02   9.23396051e-02   5.92809767e-02   6.88774437e-02
      6.52440861e-02   8.07350129e-02   8.55673179e-02   8.87903944e-02]
   [  9.43003297e-02   1.47468269e-01   2.88687527e-01   3.06588501e-01
      2.36002803e-01   1.39148146e-01   8.47109854e-02   9.11320895e-02]
   [  9.55467522e-02   1.92402005e-01   2.19606489e-01   1.56056970e-01
      1.80183858e-01   1.96687877e-01   8.43035877e-02   8.57907161e-02]
   [  9.52397734e-02   1.87843665e-01   1.89400658e-01   2.15456471e-01
      2.09390298e-01   1.74570039e-01   7.42054284e-02   6.63149208e-02]
   [  8.85207430e-02   2.31066823e-01   2.75502264e-01   2.47915193e-01
      3.12020391e-01   1.35588780e-01   6.66165650e-02   4.46873121e-02]
   [  6.81097806e-02   1.67154074e-01   1.62128866e-01   2.73151696e-01
      2.10652128e-01   7.18707144e-02   4.94764596e-02   2.88080536e-02]
   [  3.03524844e-02   8.95161480e-02   1.17233619e-01   1.60295397e-01
      1.11977451e-01   5.23078591e-02   1.97979044e-02   9.47676226e-03]
   [  6.31091073e-02   1.05078697e-01   1.27052605e-01   1.34393468e-01
      1.08666867e-01   6.10845685e-02   3.52114365e-02   0.00000000e+00]]

  [[  0.00000000e+00   4.33277786e-02   1.31228536e-01   1.14859238e-01
      4.82173674e-02   5.86357620e-03   0.00000000e+00   0.00000000e+00]
   [  0.00000000e+00   1.80821978e-02   0.00000000e+00   0.00000000e+00
      1.43824136e-02   0.00000000e+00   2.13041995e-03   0.00000000e+00]
   [  0.00000000e+00   1.54892998e-02   1.41887054e-01   1.99801967e-01
      1.76538050e-01   4.08206023e-02   1.42255891e-03   1.44887436e-03]
   [  0.00000000e+00   1.98032036e-02   7.51800537e-02   6.70744553e-02
      4.61501926e-02   6.17671758e-04   5.89143578e-03   1.81365665e-03]
   [  0.00000000e+00   0.00000000e+00   8.64347219e-02   1.19252898e-01
      8.43731686e-02   6.56847060e-02   3.13987304e-03   0.00000000e+00]
   [  0.00000000e+00   1.63518973e-02   1.03450775e-01   1.08896397e-01
      8.90511870e-02   5.28862886e-02   0.00000000e+00   0.00000000e+00]
   [  0.00000000e+00   0.00000000e+00   2.63490565e-02   1.08869188e-01
      9.75876004e-02   8.72635376e-03   0.00000000e+00   0.00000000e+00]
   [  2.49683950e-03   0.00000000e+00   3.93252708e-02   1.05879776e-01
      5.80495559e-02   0.00000000e+00   0.00000000e+00   0.00000000e+00]]

  [[  5.52311987e-02   2.15443164e-01   1.99940383e+00   2.89796257e+00
      2.15541267e+00   2.93825001e-01   5.64053133e-02   9.09272283e-02]
   [  7.35685304e-02   5.76244950e-01   2.10774159e+00   2.35196614e+00
      1.63947618e+00   4.72990602e-01   7.46134222e-02   1.13449924e-01]
   [  1.26672804e-01   4.59349930e-01   2.83242106e-01   4.42453265e-01
      6.14992321e-01   4.67439711e-01   1.32459968e-01   1.08931430e-01]
   [  1.28984421e-01   9.72233355e-01   2.34717607e+00   2.75590420e+00
      2.76379848e+00   1.24947965e+00   1.27691358e-01   6.96730390e-02]
   [  1.54537410e-01   6.99802041e-01   7.94683576e-01   1.86431503e+00
      1.35305309e+00   3.03788215e-01   2.02178657e-01   1.20343648e-01]
   [  1.64345920e-01   6.87516630e-01   1.10257661e+00   1.84629416e+00
      1.22608578e+00   4.93854851e-01   1.80539012e-01   1.54789835e-01]
   [  8.65648389e-02   3.41761798e-01   1.04756045e+00   1.70087087e+00
      1.24145293e+00   3.10093462e-01   1.24640591e-01   1.37036771e-01]
   [  3.95696074e-01   5.52110791e-01   9.97282088e-01   2.07773638e+00
      1.73567128e+00   5.45080125e-01   3.89806569e-01   1.86210364e-01]]

  [[  0.00000000e+00   0.00000000e+00   0.00000000e+00   0.00000000e+00
      0.00000000e+00   0.00000000e+00   0.00000000e+00   0.00000000e+00]
   [  0.00000000e+00   0.00000000e+00   0.00000000e+00   0.00000000e+00
      0.00000000e+00   0.00000000e+00   0.00000000e+00   0.00000000e+00]
   [  0.00000000e+00   0.00000000e+00   0.00000000e+00   0.00000000e+00
      0.00000000e+00   0.00000000e+00   0.00000000e+00   0.00000000e+00]
   [  0.00000000e+00   0.00000000e+00   0.00000000e+00   0.00000000e+00
      0.00000000e+00   0.00000000e+00   0.00000000e+00   0.00000000e+00]
   [  0.00000000e+00   0.00000000e+00   0.00000000e+00   0.00000000e+00
      0.00000000e+00   0.00000000e+00   0.00000000e+00   0.00000000e+00]
   [  0.00000000e+00   0.00000000e+00   0.00000000e+00   0.00000000e+00
      0.00000000e+00   0.00000000e+00   0.00000000e+00   0.00000000e+00]
   [  0.00000000e+00   0.00000000e+00   0.00000000e+00   0.00000000e+00
      0.00000000e+00   0.00000000e+00   0.00000000e+00   0.00000000e+00]
   [  0.00000000e+00   0.00000000e+00   0.00000000e+00   0.00000000e+00
      0.00000000e+00   0.00000000e+00   0.00000000e+00   0.00000000e+00]]

  [[  1.62330627e-01   3.12668502e-01   3.29022944e-01   3.61967646e-02
      2.60925174e-01   4.22173083e-01   1.83979124e-01   1.85738236e-01]
   [  1.87411830e-01   3.47861946e-01   3.30685079e-01   3.96829724e-01
      8.97479594e-01   3.88931513e-01   3.01916182e-01   1.74928188e-01]
   [  2.16740981e-01   3.83756697e-01   3.46517622e-01   4.13630843e-01
      1.14556324e+00   5.75325072e-01   3.55097532e-01   1.73248276e-01]
   [  1.67044401e-01   2.94228375e-01   4.93910372e-01   7.22402811e-01
      4.63703871e-01   3.72909248e-01   2.44563118e-01   1.56270921e-01]
   [  1.40243784e-01   1.48845673e-01   6.65623486e-01   6.07285023e-01
      7.78403223e-01   4.83918726e-01   1.35746002e-01   1.28600851e-01]
   [  1.38191596e-01   1.18084565e-01   5.90563476e-01   7.07165480e-01
      6.80380464e-01   3.71965051e-01   1.13723971e-01   9.89667773e-02]
   [  1.04040645e-01   1.28095835e-01   4.38543856e-01   6.05353713e-01
      3.58116567e-01   1.75270334e-01   8.96317139e-02   8.30525234e-02]
   [  7.98971578e-02   1.16505519e-01   4.36316550e-01   4.10742640e-01
      2.01421291e-01   1.81598902e-01   7.15545118e-02   5.01554199e-02]]

  [[  1.16936378e-01   1.72686920e-01   4.65022326e-02   0.00000000e+00
      6.35234237e-01   6.03994966e-01   7.48238936e-02   6.02466501e-02]
   [  1.58167586e-01   1.87506631e-01   5.10141850e-01   3.31695259e-01
      4.77219522e-01   5.04433513e-01   1.99066848e-01   4.94600311e-02]
   [  2.00683296e-01   1.48564801e-01   6.23628020e-01   2.24098548e-01
      4.51005667e-01   4.99520361e-01   2.94429272e-01   4.71394658e-02]
   [  1.53343588e-01   1.38927996e-01   3.82614344e-01   3.34780633e-01
      1.55520603e-01   2.38399565e-01   1.90941662e-01   5.70064634e-02]
   [  1.07085750e-01   3.37280631e-01   6.50523543e-01   0.00000000e+00
      6.53297067e-01   0.00000000e+00   6.18816353e-02   7.11160228e-02]
   [  1.03862785e-01   2.42991775e-01   5.77940106e-01   0.00000000e+00
      4.27508473e-01   6.09082095e-02   8.25586841e-02   8.14659297e-02]
   [  1.14390112e-01   9.23166722e-02   5.07734060e-01   1.54305145e-01
      1.02038808e-01   1.20037220e-01   8.67365748e-02   9.84051153e-02]
   [  1.18869193e-01   9.88451988e-02   3.29994917e-01   0.00000000e+00
      2.04473227e-01   1.68707937e-01   9.06055793e-02   1.06654905e-01]]

  [[  1.38959348e-01   1.24804296e-01   2.54185796e-01   2.08534047e-01
      6.54812083e-02   1.29367262e-01   1.34259596e-01   1.36709601e-01]
   [  1.43060759e-01   4.50635225e-01   4.71671671e-01   2.62373567e-01
      1.58822283e-01   2.08995759e-01   1.36579052e-01   1.42315239e-01]
   [  1.39672145e-01   4.72717047e-01   2.87556171e-01   4.74601269e-01
      4.81210262e-01   4.54321414e-01   1.29564613e-01   1.21294692e-01]
   [  1.35866106e-01   4.35326815e-01   6.03318632e-01   5.73684454e-01
      4.97991502e-01   2.95587569e-01   1.02202341e-01   7.84169212e-02]
   [  1.42151624e-01   4.15314794e-01   3.36930990e-01   7.22599864e-01
      5.52353919e-01   2.30832294e-01   7.55382553e-02   1.52305551e-02]
   [  7.39439204e-02   2.81855822e-01   2.72284746e-01   5.89837372e-01
      3.33549887e-01   2.18742967e-01   1.18948109e-02   0.00000000e+00]
   [  0.00000000e+00   1.28198698e-01   2.43139565e-01   3.25879961e-01
      1.91856071e-01   6.86557293e-02   0.00000000e+00   0.00000000e+00]
   [  6.40456453e-02   1.97768316e-01   1.51936740e-01   2.63896585e-01
      2.89624721e-01   2.44951285e-02   0.00000000e+00   0.00000000e+00]]

  [[  2.10476786e-01   4.40457433e-01   1.85397434e+00   3.05751252e+00
      2.61004710e+00   9.68848050e-01   1.30770564e-01   2.07618952e-01]
   [  2.27781445e-01   5.85283577e-01   1.17549300e+00   1.40737367e+00
      1.52854395e+00   1.11398840e+00   2.43223667e-01   2.67462075e-01]
   [  2.88688511e-01   6.43556654e-01   5.99043489e-01   3.06528062e-01
      7.46169806e-01   9.04685497e-01   4.13654447e-01   4.25675780e-01]
   [  4.41525608e-01   5.12399673e-01   6.08471930e-01   5.34020960e-01
      8.26734245e-01   7.77479529e-01   4.80923653e-01   6.84423208e-01]
   [  6.49590552e-01   5.99809229e-01   1.93252295e-01   5.33186734e-01
      4.25623894e-01   5.94026804e-01   8.02817047e-01   9.58457828e-01]
   [  8.69594276e-01   8.36817682e-01   4.25207496e-01   5.58591187e-01
      5.87450445e-01   8.94204378e-01   1.02041042e+00   1.16262329e+00]
   [  1.16464603e+00   1.06661379e+00   8.00720572e-01   7.45431006e-01
      1.06858885e+00   1.15652776e+00   1.30570924e+00   1.46789157e+00]
   [  1.49452674e+00   1.28223121e+00   8.76032650e-01   1.38053823e+00
      1.60284460e+00   1.32680857e+00   1.57700324e+00   1.70599806e+00]]

  [[  8.66049901e-03   2.07018718e-01   9.53279257e-01   1.33403122e+00
      9.99717057e-01   1.88470528e-01   3.01670693e-02   3.84855829e-02]
   [  2.88011469e-02   2.51956224e-01   8.88062656e-01   1.27839136e+00
      9.84200895e-01   2.45381519e-01   3.34005393e-02   4.21540998e-02]
   [  4.20975052e-02   1.75251752e-01   7.35019028e-01   1.13193798e+00
      1.06212187e+00   3.91258419e-01   5.68008684e-02   2.50616632e-02]
   [  5.31467311e-02   5.76374471e-01   1.17604601e+00   1.20654953e+00
      1.21990407e+00   5.48612773e-01   7.34593421e-02   8.22121277e-03]
   [  7.42133558e-02   6.49953187e-01   1.19970894e+00   1.50441658e+00
      1.19087195e+00   3.83837879e-01   9.26722139e-02   3.69703807e-02]
   [  4.62541841e-02   4.53193218e-01   9.57238257e-01   1.60047245e+00
      1.13776469e+00   1.66213036e-01   2.96928622e-02   1.22814775e-02]
   [  4.11324203e-03   2.37983838e-01   6.41439140e-01   9.52611744e-01
      6.63902700e-01   1.05929583e-01   6.99503720e-03   8.51022080e-03]
   [  4.51415598e-01   4.47126180e-01   5.17498791e-01   8.41843903e-01
      6.17363036e-01   2.76232719e-01   2.59752780e-01   1.20942429e-01]]

  [[  0.00000000e+00   1.90963313e-01   8.35324109e-01   1.15946102e+00
      8.29066575e-01   2.95448303e-02   0.00000000e+00   0.00000000e+00]
   [  0.00000000e+00   3.34180474e-01   8.98585975e-01   1.30134833e+00
      1.27853799e+00   3.89101624e-01   1.07690096e-02   0.00000000e+00]
   [  4.31639701e-03   2.52286851e-01   3.04023266e-01   5.04726112e-01
      9.44315314e-01   6.24605358e-01   1.28467977e-02   0.00000000e+00]
   [  0.00000000e+00   4.11800086e-01   9.52422857e-01   9.47201610e-01
      1.03578162e+00   4.99918044e-01   1.02771223e-02   0.00000000e+00]
   [  2.31987908e-02   2.45157465e-01   6.64797843e-01   9.89394784e-01
      6.39326930e-01   4.74254310e-01   3.79069299e-02   3.59821618e-02]
   [  3.13009694e-02   1.05217025e-01   4.21068668e-01   7.18399346e-01
      3.46645355e-01   2.83844411e-01   4.48839068e-02   6.47062808e-02]
   [  3.44813764e-02   1.11274004e-01   2.39116564e-01   6.96790874e-01
      4.97908711e-01   1.19637564e-01   8.24732631e-02   9.42324996e-02]
   [  1.63849548e-01   2.02832326e-01   3.27082872e-01   6.05138361e-01
      3.75091136e-01   2.46215925e-01   1.99411377e-01   1.34445146e-01]]]]