[[[[  5.78834474e-01   2.00845078e-01   0.00000000e+00   0.00000000e+00
      4.60713133e-02   1.05187252e-01]
   [  6.84285045e-01   3.13944459e-01   5.07062636e-02   0.00000000e+00
      0.00000000e+00   7.50879794e-02]
   [  4.86982644e-01   2.62664914e-01   0.00000000e+00   0.00000000e+00
      0.00000000e+00   1.50314704e-01]
   [  3.96397322e-01   3.29009175e-01   0.00000000e+00   0.00000000e+00
      1.83503982e-02   1.87526003e-01]
   [  3.17882031e-01   3.14330965e-01   0.00000000e+00   0.00000000e+00
      9.75449830e-02   1.54988825e-01]
   [  2.92076051e-01   3.48137081e-01   0.00000000e+00   0.00000000e+00
      1.50457188e-01   1.15829885e-01]]

  [[  2.13381320e-01   0.00000000e+00   0.00000000e+00   0.00000000e+00
      0.00000000e+00   1.01471975e-01]
   [  5.49318612e-01   6.54149115e-01   5.14395416e-01   1.10492222e-01
      0.00000000e+00   7.14589879e-02]
   [  1.56632662e-01   0.00000000e+00   0.00000000e+00   0.00000000e+00
      0.00000000e+00   1.14499599e-01]
   [  2.15917528e-01   1.55519545e-01   7.87946805e-02   0.00000000e+00
      0.00000000e+00   1.60952389e-01]
   [  1.61454558e-01   5.64556792e-02   0.00000000e+00   0.00000000e+00
      5.02449274e-03   1.57037169e-01]
   [  2.18316078e-01   2.33018249e-01   1.39640719e-01   2.96565332e-02
      1.34962946e-01   2.27894366e-01]]

  [[  0.00000000e+00   0.00000000e+00   3.03748399e-01   5.46213269e-01
      4.20191348e-01   1.92698106e-01]
   [  1.22268246e-02   3.52949679e-01   5.94023943e-01   6.50777876e-01
      5.13822019e-01   2.04077691e-01]
   [  0.00000000e+00   5.61870541e-03   1.56661153e-01   3.59516531e-01
      4.06618208e-01   1.56709731e-01]
   [  0.00000000e+00   2.68555462e-01   4.97208297e-01   5.94317794e-01
      4.17367905e-01   9.96088162e-02]
   [  0.00000000e+00   5.03097549e-02   3.98353934e-01   3.96117777e-01
      2.23845273e-01   4.58318330e-02]
   [  0.00000000e+00   4.75006960e-02   3.80529702e-01   3.62394422e-01
      1.49705231e-01   1.19343158e-02]]

  [[  2.01938659e-01   0.00000000e+00   0.00000000e+00   0.00000000e+00
      1.27076894e-01   2.78594673e-01]
   [  3.45497251e-01   4.41994697e-01   4.38964754e-01   4.12909180e-01
      2.64890194e-01   2.43505299e-01]
   [  4.09801126e-01   3.85129124e-01   4.47373301e-01   1.47343218e-01
      9.86866951e-02   2.23803967e-01]
   [  1.41324103e-01   1.18355677e-02   0.00000000e+00   0.00000000e+00
      0.00000000e+00   1.81101173e-01]
   [  2.33063787e-01   1.99795485e-01   6.43810406e-02   4.80109006e-02
      1.16313055e-01   2.44208455e-01]
   [  2.17442244e-01   1.53306618e-01   1.86073571e-01   1.44021690e-01
      2.16143787e-01   3.34521174e-01]]

  [[  1.62219286e-01   5.86671054e-01   8.26163948e-01   9.90433455e-01
      8.06900799e-01   3.19909483e-01]
   [  1.59016222e-01   3.60759169e-01   4.60411131e-01   6.16513550e-01
      6.78521037e-01   3.67350280e-01]
   [  4.23508845e-02   0.00000000e+00   8.93456042e-02   4.90207076e-01
      5.09338498e-01   3.97349417e-01]
   [  1.54312000e-01   2.20835373e-01   4.56050158e-01   7.11164355e-01
      6.33110464e-01   4.65959340e-01]
   [  1.68432772e-01   7.80658498e-02   2.69306153e-01   5.70268333e-01
      5.79540849e-01   5.14262319e-01]
   [  3.52519035e-01   2.83830881e-01   5.16311288e-01   8.58267069e-01
      7.52936125e-01   6.08725786e-01]]

  [[  0.00000000e+00   0.00000000e+00   3.95534784e-01   6.48388743e-01
      4.07042980e-01   1.94304243e-01]
   [  1.39670163e-01   5.79717040e-01   8.98961186e-01   9.36785460e-01
      6.44408822e-01   2.83315063e-01]
   [  4.50808369e-02   1.84670880e-01   4.77610797e-01   6.89663529e-01
      6.01318240e-01   2.40611225e-01]
   [  1.17265098e-01   3.31140429e-01   5.71587086e-01   8.17864299e-01
      5.47273636e-01   2.44329765e-01]
   [  2.15555400e-01   2.69885123e-01   4.72301424e-01   6.42994285e-01
      4.53314930e-01   2.25500971e-01]
   [  3.50623101e-01   4.37929183e-01   6.26161337e-01   7.97152400e-01
      6.59873009e-01   3.31616700e-01]]

  [[  0.00000000e+00   0.00000000e+00   0.00000000e+00   0.00000000e+00
      2.33811140e-02   2.24786669e-01]
   [  0.00000000e+00   0.00000000e+00   0.00000000e+00   0.00000000e+00
      0.00000000e+00   1.97812945e-01]
   [  0.00000000e+00   0.00000000e+00   0.00000000e+00   0.00000000e+00
      0.00000000e+00   1.91959962e-01]
   [  0.00000000e+00   0.00000000e+00   0.00000000e+00   0.00000000e+00
      0.00000000e+00   2.13234261e-01]
   [  0.00000000e+00   0.00000000e+00   0.00000000e+00   0.00000000e+00
      5.40412180e-02   2.40514606e-01]
   [  0.00000000e+00   0.00000000e+00   0.00000000e+00   0.00000000e+00
      3.07005215e-02   1.79628953e-01]]

  [[  0.00000000e+00   0.00000000e+00   0.00000000e+00   0.00000000e+00
      0.00000000e+00   0.00000000e+00]
   [  0.00000000e+00   0.00000000e+00   0.00000000e+00   0.00000000e+00
      0.00000000e+00   0.00000000e+00]
   [  0.00000000e+00   0.00000000e+00   0.00000000e+00   0.00000000e+00
      0.00000000e+00   0.00000000e+00]
   [  0.00000000e+00   0.00000000e+00   0.00000000e+00   0.00000000e+00
      0.00000000e+00   0.00000000e+00]
   [  0.00000000e+00   0.00000000e+00   0.00000000e+00   0.00000000e+00
      0.00000000e+00   0.00000000e+00]
   [  0.00000000e+00   0.00000000e+00   0.00000000e+00   0.00000000e+00
      0.00000000e+00   0.00000000e+00]]

  [[  0.00000000e+00   0.00000000e+00   0.00000000e+00   1.51010156e-01
      5.88180423e-01   3.29425991e-01]
   [  0.00000000e+00   0.00000000e+00   0.00000000e+00   0.00000000e+00
      2.58823425e-01   4.09905821e-01]
   [  0.00000000e+00   0.00000000e+00   0.00000000e+00   0.00000000e+00
      5.39164066e-01   4.28180814e-01]
   [  0.00000000e+00   0.00000000e+00   0.00000000e+00   0.00000000e+00
      3.97913396e-01   3.17071140e-01]
   [  0.00000000e+00   0.00000000e+00   0.00000000e+00   1.34349436e-01
      3.17338407e-01   2.62819052e-01]
   [  0.00000000e+00   0.00000000e+00   0.00000000e+00   0.00000000e+00
      2.60486424e-01   2.27374405e-01]]

  [[  0.00000000e+00   0.00000000e+00   0.00000000e+00   3.91318917e-01
      7.71266043e-01   4.19257462e-01]
   [  0.00000000e+00   0.00000000e+00   2.33121067e-01   4.10159916e-01
      5.70927680e-01   4.48635727e-01]
   [  0.00000000e+00   3.11172660e-03   3.09471935e-01   3.69719863e-01
      5.92363298e-01   3.88931215e-01]
   [  0.00000000e+00   0.00000000e+00   1.62262276e-01   4.10521209e-01
      5.60418189e-01   2.43109345e-01]
   [  0.00000000e+00   1.46829441e-01   7.69508928e-02   4.35971349e-01
      4.86435264e-01   9.63347554e-02]
   [  0.00000000e+00   6.30638376e-02   5.85106900e-05   2.27894619e-01
      3.14573467e-01   6.27884492e-02]]

  [[  0.00000000e+00   0.00000000e+00   0.00000000e+00   0.00000000e+00
      0.00000000e+00   0.00000000e+00]
   [  0.00000000e+00   0.00000000e+00   0.00000000e+00   0.00000000e+00
      0.00000000e+00   0.00000000e+00]
   [  0.00000000e+00   0.00000000e+00   0.00000000e+00   0.00000000e+00
      0.00000000e+00   0.00000000e+00]
   [  0.00000000e+00   0.00000000e+00   0.00000000e+00   0.00000000e+00
      0.00000000e+00   0.00000000e+00]
   [  0.00000000e+00   0.00000000e+00   0.00000000e+00   0.00000000e+00
      0.00000000e+00   0.00000000e+00]
   [  0.00000000e+00   0.00000000e+00   0.00000000e+00   0.00000000e+00
      0.00000000e+00   0.00000000e+00]]

  [[  4.63315062e-02   5.44372380e-01   7.76041985e-01   5.23408234e-01
      4.43236530e-03   0.00000000e+00]
   [  1.15997568e-01   1.48554489e-01   0.00000000e+00   0.00000000e+00
      3.37408781e-02   0.00000000e+00]
   [  3.89691055e-01   5.43021858e-01   4.46506500e-01   4.52040344e-01
      2.26996079e-01   0.00000000e+00]
   [  1.58492476e-01   3.57268661e-01   5.05196035e-01   2.29440823e-01
      1.12063056e-02   0.00000000e+00]
   [  2.14495748e-01   1.54060528e-01   6.05682850e-01   1.74003348e-01
      0.00000000e+00   2.02280320e-02]
   [  8.92790854e-02   4.50610965e-02   3.24574143e-01   6.94683269e-02
      0.00000000e+00   0.00000000e+00]]

  [[  3.19042206e-01   1.01202793e-01   0.00000000e+00   0.00000000e+00
      0.00000000e+00   0.00000000e+00]
   [  9.08600241e-02   0.00000000e+00   0.00000000e+00   0.00000000e+00
      0.00000000e+00   0.00000000e+00]
   [  1.44131064e-01   0.00000000e+00   0.00000000e+00   0.00000000e+00
      0.00000000e+00   0.00000000e+00]
   [  2.28304699e-01   0.00000000e+00   0.00000000e+00   0.00000000e+00
      0.00000000e+00   2.36651432e-02]
   [  1.80995077e-01   3.06612328e-02   0.00000000e+00   0.00000000e+00
      0.00000000e+00   9.07310918e-02]
   [  6.73308522e-02   0.00000000e+00   0.00000000e+00   0.00000000e+00
      0.00000000e+00   3.75258587e-02]]

  [[  0.00000000e+00   0.00000000e+00   0.00000000e+00   4.26569432e-01
      4.44247216e-01   1.46139473e-01]
   [  0.00000000e+00   0.00000000e+00   4.28356379e-02   2.08712772e-01
      3.69129330e-01   2.07057282e-01]
   [  0.00000000e+00   0.00000000e+00   0.00000000e+00   6.96447641e-02
      3.59798968e-01   2.31915027e-01]
   [  0.00000000e+00   0.00000000e+00   0.00000000e+00   3.07219714e-01
      3.65057766e-01   1.74099237e-01]
   [  6.64465949e-02   0.00000000e+00   0.00000000e+00   3.30348194e-01
      2.66520500e-01   1.57057583e-01]
   [  2.00342149e-01   0.00000000e+00   1.25610948e-01   4.25539643e-01
      3.50752920e-01   2.06950858e-01]]

  [[  9.98688862e-02   2.84079045e-01   1.99094772e-01   1.14734523e-01
      1.24172606e-02   0.00000000e+00]
   [  1.28260285e-01   1.66999042e-01   1.66333944e-01   2.21434057e-01
      1.61499381e-01   0.00000000e+00]
   [  6.42305240e-02   3.07507515e-02   4.02953625e-02   1.07580580e-01
      2.82651335e-02   0.00000000e+00]
   [  4.11050171e-02   6.99059069e-02   1.48012817e-01   2.21673511e-02
      3.41409594e-02   5.81767187e-02]
   [  2.15133652e-02   0.00000000e+00   1.54297382e-01   0.00000000e+00
      9.16959643e-02   1.46411747e-01]
   [  1.40572280e-01   5.82589954e-02   2.13134140e-01   1.81985915e-01
      1.74324572e-01   2.00328767e-01]]

  [[  0.00000000e+00   0.00000000e+00   0.00000000e+00   0.00000000e+00
      0.00000000e+00   0.00000000e+00]
   [  0.00000000e+00   0.00000000e+00   0.00000000e+00   0.00000000e+00
      0.00000000e+00   0.00000000e+00]
   [  5.02455165e-04   0.00000000e+00   0.00000000e+00   0.00000000e+00
      0.00000000e+00   0.00000000e+00]
   [  0.00000000e+00   0.00000000e+00   0.00000000e+00   0.00000000e+00
      0.00000000e+00   0.00000000e+00]
   [  0.00000000e+00   0.00000000e+00   0.00000000e+00   0.00000000e+00
      0.00000000e+00   0.00000000e+00]
   [  0.00000000e+00   0.00000000e+00   0.00000000e+00   0.00000000e+00
      0.00000000e+00   0.00000000e+00]]

  [[  0.00000000e+00   0.00000000e+00   0.00000000e+00   0.00000000e+00
      0.00000000e+00   5.73037975e-02]
   [  0.00000000e+00   0.00000000e+00   0.00000000e+00   0.00000000e+00
      0.00000000e+00   4.72854376e-02]
   [  1.60491019e-01   2.02679992e-01   0.00000000e+00   0.00000000e+00
      0.00000000e+00   0.00000000e+00]
   [  1.65246397e-01   7.10310414e-03   0.00000000e+00   0.00000000e+00
      0.00000000e+00   0.00000000e+00]
   [  2.49313995e-01   2.28944898e-01   0.00000000e+00   0.00000000e+00
      0.00000000e+00   0.00000000e+00]
   [  1.60362467e-01   1.17860973e-01   0.00000000e+00   0.00000000e+00
      0.00000000e+00   0.00000000e+00]]

  [[  2.45854050e-01   0.00000000e+00   0.00000000e+00   0.00000000e+00
      0.00000000e+00   2.73491383e-01]
   [  2.42936581e-01   0.00000000e+00   0.00000000e+00   0.00000000e+00
      0.00000000e+00   2.40753472e-01]
   [  1.82121336e-01   0.00000000e+00   0.00000000e+00   0.00000000e+00
      0.00000000e+00   1.75542727e-01]
   [  7.42291510e-02   0.00000000e+00   0.00000000e+00   0.00000000e+00
      0.00000000e+00   2.00475991e-01]
   [  2.08438516e-01   1.02722943e-01   0.00000000e+00   0.00000000e+00
      1.18794702e-01   2.01362282e-01]
   [  2.06376910e-01   1.48362100e-01   0.00000000e+00   0.00000000e+00
      1.15240701e-01   1.59165770e-01]]

  [[  0.00000000e+00   0.00000000e+00   0.00000000e+00   0.00000000e+00
      0.00000000e+00   0.00000000e+00]
   [  0.00000000e+00   0.00000000e+00   0.00000000e+00   0.00000000e+00
      0.00000000e+00   0.00000000e+00]
   [  0.00000000e+00   0.00000000e+00   0.00000000e+00   0.00000000e+00
      0.00000000e+00   0.00000000e+00]
   [  0.00000000e+00   0.00000000e+00   0.00000000e+00   0.00000000e+00
      0.00000000e+00   0.00000000e+00]
   [  0.00000000e+00   0.00000000e+00   0.00000000e+00   0.00000000e+00
      0.00000000e+00   0.00000000e+00]
   [  0.00000000e+00   0.00000000e+00   0.00000000e+00   0.00000000e+00
      0.00000000e+00   0.00000000e+00]]

  [[  0.00000000e+00   0.00000000e+00   0.00000000e+00   0.00000000e+00
      0.00000000e+00   0.00000000e+00]
   [  0.00000000e+00   0.00000000e+00   0.00000000e+00   0.00000000e+00
      0.00000000e+00   0.00000000e+00]
   [  0.00000000e+00   0.00000000e+00   0.00000000e+00   0.00000000e+00
      0.00000000e+00   0.00000000e+00]
   [  0.00000000e+00   0.00000000e+00   0.00000000e+00   0.00000000e+00
      0.00000000e+00   0.00000000e+00]
   [  0.00000000e+00   0.00000000e+00   0.00000000e+00   0.00000000e+00
      0.00000000e+00   0.00000000e+00]
   [  0.00000000e+00   0.00000000e+00   0.00000000e+00   0.00000000e+00
      0.00000000e+00   0.00000000e+00]]

  [[  0.00000000e+00   0.00000000e+00   0.00000000e+00   0.00000000e+00
      0.00000000e+00   7.35923722e-02]
   [  0.00000000e+00   0.00000000e+00   0.00000000e+00   0.00000000e+00
      0.00000000e+00   5.24290800e-02]
   [  0.00000000e+00   0.00000000e+00   0.00000000e+00   0.00000000e+00
      0.00000000e+00   1.16434231e-01]
   [  0.00000000e+00   0.00000000e+00   0.00000000e+00   0.00000000e+00
      1.15615457e-01   1.68890774e-01]
   [  0.00000000e+00   0.00000000e+00   0.00000000e+00   0.00000000e+00
      1.37734964e-01   1.57925531e-01]
   [  0.00000000e+00   0.00000000e+00   0.00000000e+00   0.00000000e+00
      3.49477865e-02   1.00196637e-01]]

  [[  2.59296685e-01   6.37433648e-01   9.58171248e-01   8.66091371e-01
      5.81330836e-01   2.74493456e-01]
   [  4.55386013e-01   8.66378725e-01   8.73083770e-01   5.59295535e-01
      3.97431850e-01   2.52236724e-01]
   [  4.64859456e-01   8.39491189e-01   9.08183038e-01   7.50677705e-01
      5.27977169e-01   1.99944898e-01]
   [  5.43186605e-01   8.02636564e-01   7.74055243e-01   7.18076706e-01
      3.49666208e-01   5.60279824e-02]
   [  4.56088573e-01   6.01596117e-01   6.16367817e-01   5.54040909e-01
      1.87142983e-01   0.00000000e+00]
   [  2.37883046e-01   3.90693247e-01   3.82515967e-01   3.01924586e-01
      9.95506570e-02   0.00000000e+00]]

  [[  2.89505143e-02   2.90626168e-01   4.47052509e-01   3.93684655e-01
      2.80975789e-01   1.13455638e-01]
   [  0.00000000e+00   0.00000000e+00   8.19744915e-02   1.42308116e-01
      1.00906879e-01   6.98036626e-02]
   [  0.00000000e+00   0.00000000e+00   1.19677104e-01   3.35165232e-01
      1.98232815e-01   7.78723657e-02]
   [  0.00000000e+00   4.08210233e-03   6.19594306e-02   1.31152332e-01
      1.19107358e-01   5.62145188e-02]
   [  0.00000000e+00   0.00000000e+00   0.00000000e+00   8.42425153e-02
      1.44029588e-01   8.24986994e-02]
   [  0.00000000e+00   0.00000000e+00   2.38804389e-02   1.88909963e-01
      1.98610455e-01   1.30169019e-01]]

  [[  0.00000000e+00   0.00000000e+00   0.00000000e+00   0.00000000e+00
      0.00000000e+00   0.00000000e+00]
   [  0.00000000e+00   0.00000000e+00   0.00000000e+00   0.00000000e+00
      0.00000000e+00   0.00000000e+00]
   [  0.00000000e+00   0.00000000e+00   0.00000000e+00   0.00000000e+00
      0.00000000e+00   0.00000000e+00]
   [  0.00000000e+00   0.00000000e+00   0.00000000e+00   0.00000000e+00
      0.00000000e+00   0.00000000e+00]
   [  0.00000000e+00   0.00000000e+00   0.00000000e+00   0.00000000e+00
      0.00000000e+00   0.00000000e+00]
   [  0.00000000e+00   0.00000000e+00   0.00000000e+00   0.00000000e+00
      0.00000000e+00   0.00000000e+00]]

  [[  1.11686683e+00   1.14897895e+00   1.29768503e+00   1.35956633e+00
      1.12067032e+00   9.43223715e-01]
   [  1.09115982e+00   1.20016325e+00   1.19984293e+00   1.22469723e+00
      1.13820052e+00   9.75765347e-01]
   [  1.12789607e+00   1.13382256e+00   1.17490458e+00   1.22014356e+00
      1.13670623e+00   9.98079836e-01]
   [  1.08240366e+00   1.17182302e+00   1.20957077e+00   1.24340856e+00
      1.09190297e+00   1.00568748e+00]
   [  1.10012770e+00   1.09983230e+00   1.15268278e+00   1.19804192e+00
      1.04842496e+00   9.99139726e-01]
   [  9.67926860e-01   9.60610449e-01   1.02520752e+00   1.06600142e+00
      9.87469077e-01   9.87676799e-01]]

  [[  0.00000000e+00   0.00000000e+00   4.42883931e-02   0.00000000e+00
      0.00000000e+00   5.92069440e-02]
   [  0.00000000e+00   0.00000000e+00   0.00000000e+00   0.00000000e+00
      0.00000000e+00   6.51080608e-02]
   [  0.00000000e+00   0.00000000e+00   0.00000000e+00   0.00000000e+00
      0.00000000e+00   7.05624521e-02]
   [  0.00000000e+00   0.00000000e+00   0.00000000e+00   0.00000000e+00
      0.00000000e+00   8.62246826e-02]
   [  2.86883470e-02   0.00000000e+00   0.00000000e+00   0.00000000e+00
      0.00000000e+00   1.95956275e-01]
   [  1.40093833e-01   5.71884103e-02   0.00000000e+00   0.00000000e+00
      1.28385201e-01   2.69031882e-01]]

  [[  0.00000000e+00   0.00000000e+00   0.00000000e+00   0.00000000e+00
      0.00000000e+00   0.00000000e+00]
   [  0.00000000e+00   0.00000000e+00   0.00000000e+00   0.00000000e+00
      0.00000000e+00   0.00000000e+00]
   [  0.00000000e+00   0.00000000e+00   0.00000000e+00   0.00000000e+00
      0.00000000e+00   0.00000000e+00]
   [  0.00000000e+00   0.00000000e+00   0.00000000e+00   0.00000000e+00
      0.00000000e+00   0.00000000e+00]
   [  0.00000000e+00   0.00000000e+00   0.00000000e+00   0.00000000e+00
      0.00000000e+00   0.00000000e+00]
   [  0.00000000e+00   0.00000000e+00   0.00000000e+00   0.00000000e+00
      0.00000000e+00   0.00000000e+00]]

  [[  9.00920987e-01   1.12162316e+00   7.78508723e-01   3.06840926e-01
      1.93607911e-01   1.76796004e-01]
   [  5.31315923e-01   6.79687202e-01   9.10930514e-01   7.66769826e-01
      2.82607853e-01   1.16995402e-01]
   [  8.49794328e-01   1.08299518e+00   1.25329268e+00   7.70514190e-01
      2.19235137e-01   7.87407756e-02]
   [  5.68222582e-01   1.14467180e+00   1.17952693e+00   5.74361145e-01
      3.07388127e-01   1.26892522e-01]
   [  3.64881366e-01   1.05819440e+00   1.04721665e+00   4.44275528e-01
      3.12270045e-01   7.63761774e-02]
   [  2.96682715e-01   7.27343321e-01   8.69228005e-01   3.84566396e-01
      1.76524490e-01   5.85468449e-02]]

  [[  2.40046918e-01   5.71243763e-01   1.10634482e+00   1.19386983e+00
      6.17047787e-01   8.81662518e-02]
   [  1.13340579e-02   0.00000000e+00   2.64537819e-02   1.54652894e-01
      1.70177236e-01   1.14645794e-01]
   [  2.80327708e-01   4.19626504e-01   4.26707774e-01   4.58573729e-01
      3.54557157e-01   2.23175138e-01]
   [  1.20125368e-01   2.89708227e-01   3.65642697e-01   3.66292149e-01
      3.85907918e-01   2.69612789e-01]
   [  1.52696863e-01   2.54071772e-01   2.72751719e-01   4.02613014e-01
      2.65554219e-01   2.57061571e-01]
   [  1.90888047e-01   2.67558724e-01   3.09595138e-01   3.89267653e-01
      2.89991528e-01   2.69130081e-01]]

  [[  2.63592064e-01   3.81510556e-01   5.03088951e-01   5.97573280e-01
      3.31286848e-01   0.00000000e+00]
   [  4.33793604e-01   7.41371989e-01   7.84285665e-01   6.76172912e-01
      2.59413719e-01   0.00000000e+00]
   [  5.19628644e-01   9.51364875e-01   1.14069808e+00   6.58837318e-01
      3.13244283e-01   1.34799033e-01]
   [  2.66221404e-01   5.01983523e-01   8.29989314e-01   3.31118405e-01
      1.04123078e-01   1.72532082e-01]
   [  4.22226310e-01   5.52197516e-01   7.87409842e-01   3.99710536e-01
      1.12782255e-01   1.97414234e-01]
   [  4.41836059e-01   6.12244010e-01   7.70760059e-01   4.49017704e-01
      2.06637487e-01   2.71914244e-01]]

  [[  6.20656312e-01   1.71976936e+00   2.32020497e+00   1.52654254e+00
      6.43200040e-01   1.42243713e-01]
   [  3.80195320e-01   5.43501437e-01   5.01174331e-01   4.30505395e-01
      3.42324287e-01   1.40237659e-01]
   [  4.19220895e-01   4.84948486e-01   7.42071152e-01   8.13389540e-01
      7.76820064e-01   2.61849135e-01]
   [  6.59805655e-01   1.03552842e+00   1.20608008e+00   9.79625821e-01
      5.99223614e-01   2.31663764e-01]
   [  2.40636036e-01   4.69446450e-01   7.71381617e-01   5.23047805e-01
      3.11558902e-01   2.39325419e-01]
   [  1.71665534e-01   3.66502017e-01   5.86781323e-01   3.63984644e-01
      2.21286505e-01   1.86701015e-01]]

  [[  9.16012347e-01   1.25356770e+00   1.30975783e+00   1.11705971e+00
      5.73089480e-01   3.14553410e-01]
   [  1.01353252e+00   1.24762201e+00   1.40236497e+00   1.19536960e+00
      7.95231879e-01   4.24287468e-01]
   [  1.18873179e+00   1.96054006e+00   2.08953905e+00   1.64328587e+00
      8.72252703e-01   5.54798305e-01]
   [  9.36847866e-01   1.49990094e+00   1.67896402e+00   1.22151721e+00
      7.85792053e-01   6.29569769e-01]
   [  9.99451339e-01   1.47489560e+00   1.72370720e+00   1.34017789e+00
      8.09948623e-01   6.33528173e-01]
   [  1.07412875e+00   1.53058147e+00   1.74557471e+00   1.42499828e+00
      8.86437833e-01   6.74141407e-01]]

  [[  2.51846194e-01   4.43108469e-01   1.49920031e-01   0.00000000e+00
      0.00000000e+00   4.83964235e-02]
   [  0.00000000e+00   0.00000000e+00   0.00000000e+00   0.00000000e+00
      0.00000000e+00   3.07374895e-02]
   [  1.16026148e-01   0.00000000e+00   0.00000000e+00   0.00000000e+00
      0.00000000e+00   0.00000000e+00]
   [  2.84607232e-01   4.02106121e-02   0.00000000e+00   0.00000000e+00
      0.00000000e+00   6.44082576e-02]
   [  1.99401692e-01   3.43210883e-02   0.00000000e+00   0.00000000e+00
      0.00000000e+00   1.14309363e-01]
   [  1.13031954e-01   2.11130902e-02   0.00000000e+00   0.00000000e+00
      0.00000000e+00   5.47933094e-02]]

  [[  0.00000000e+00   8.25131685e-02   2.51925349e-01   1.05382577e-01
      0.00000000e+00   0.00000000e+00]
   [  0.00000000e+00   0.00000000e+00   0.00000000e+00   0.00000000e+00
      0.00000000e+00   0.00000000e+00]
   [  0.00000000e+00   0.00000000e+00   0.00000000e+00   0.00000000e+00
      0.00000000e+00   0.00000000e+00]
   [  0.00000000e+00   6.84049800e-02   8.00430775e-02   2.06528399e-02
      0.00000000e+00   0.00000000e+00]
   [  0.00000000e+00   0.00000000e+00   0.00000000e+00   0.00000000e+00
      0.00000000e+00   0.00000000e+00]
   [  0.00000000e+00   0.00000000e+00   0.00000000e+00   0.00000000e+00
      0.00000000e+00   0.00000000e+00]]

  [[  2.72799641e-01   4.43953007e-01   0.00000000e+00   0.00000000e+00
      0.00000000e+00   2.17312664e-01]
   [  0.00000000e+00   0.00000000e+00   0.00000000e+00   0.00000000e+00
      3.33016813e-01   2.31508315e-01]
   [  0.00000000e+00   0.00000000e+00   0.00000000e+00   0.00000000e+00
      0.00000000e+00   8.38889927e-02]
   [  1.18835703e-01   0.00000000e+00   0.00000000e+00   0.00000000e+00
      0.00000000e+00   8.16599503e-02]
   [  0.00000000e+00   0.00000000e+00   0.00000000e+00   0.00000000e+00
      9.31701139e-02   1.64031774e-01]
   [  2.29337215e-02   0.00000000e+00   0.00000000e+00   0.00000000e+00
      1.26230359e-01   1.68736517e-01]]

  [[  0.00000000e+00   0.00000000e+00   0.00000000e+00   3.63576114e-02
      3.64758782e-02   1.70442648e-02]
   [  0.00000000e+00   1.21166361e-02   2.40412559e-02   1.46640278e-02
      1.03868647e-02   1.57232601e-02]
   [  0.00000000e+00   5.74345514e-03   7.95980170e-03   0.00000000e+00
      6.48216996e-03   1.74718034e-02]
   [  0.00000000e+00   0.00000000e+00   0.00000000e+00   0.00000000e+00
      7.89223425e-03   7.40031619e-03]
   [  7.96701293e-03   1.30629446e-02   1.25753961e-03   1.11311302e-02
      3.03681497e-03   6.18789531e-03]
   [  1.00644259e-02   1.22942477e-02   1.43247908e-02   9.08930413e-03
      4.25765291e-03   1.06163369e-02]]

  [[  4.54643294e-02   0.00000000e+00   0.00000000e+00   0.00000000e+00
      1.25452608e-01   1.91366225e-01]
   [  0.00000000e+00   0.00000000e+00   0.00000000e+00   0.00000000e+00
      0.00000000e+00   9.92735028e-02]
   [  8.58186036e-02   1.86557174e-01   4.11441952e-01   4.45281953e-01
      2.43911609e-01   1.41880110e-01]
   [  0.00000000e+00   0.00000000e+00   0.00000000e+00   0.00000000e+00
      0.00000000e+00   7.85075501e-02]
   [  1.12981007e-01   1.52217597e-01   1.52222514e-01   2.17385367e-01
      2.43193150e-01   1.16655044e-01]
   [  6.57421872e-02   8.39992911e-02   1.25431925e-01   2.27038562e-01
      2.11654380e-01   1.13390461e-01]]

  [[  0.00000000e+00   0.00000000e+00   0.00000000e+00   0.00000000e+00
      0.00000000e+00   0.00000000e+00]
   [  0.00000000e+00   0.00000000e+00   0.00000000e+00   0.00000000e+00
      0.00000000e+00   0.00000000e+00]
   [  0.00000000e+00   0.00000000e+00   0.00000000e+00   0.00000000e+00
      0.00000000e+00   0.00000000e+00]
   [  0.00000000e+00   0.00000000e+00   0.00000000e+00   0.00000000e+00
      0.00000000e+00   0.00000000e+00]
   [  0.00000000e+00   0.00000000e+00   0.00000000e+00   0.00000000e+00
      0.00000000e+00   0.00000000e+00]
   [  0.00000000e+00   0.00000000e+00   0.00000000e+00   0.00000000e+00
      0.00000000e+00   0.00000000e+00]]

  [[  3.97693813e-02   5.04881859e-01   7.15533018e-01   3.48011911e-01
      0.00000000e+00   0.00000000e+00]
   [  1.95541427e-01   1.50080204e-01   0.00000000e+00   0.00000000e+00
      0.00000000e+00   0.00000000e+00]
   [  0.00000000e+00   1.07615024e-01   2.23887131e-01   3.29088718e-01
      3.28030884e-01   0.00000000e+00]
   [  1.88635975e-01   2.54567921e-01   3.73277754e-01   2.87141114e-01
      8.15773159e-02   0.00000000e+00]
   [  5.80450743e-02   0.00000000e+00   4.02623087e-01   2.08062336e-01
      8.21896344e-02   2.09110901e-02]
   [  1.86637789e-02   9.16183963e-02   3.03097755e-01   7.55472630e-02
      5.63106127e-03   0.00000000e+00]]

  [[  0.00000000e+00   0.00000000e+00   0.00000000e+00   3.83482814e-01
      3.12245995e-01   8.60610977e-02]
   [  0.00000000e+00   0.00000000e+00   0.00000000e+00   0.00000000e+00
      1.70448795e-01   1.03992417e-01]
   [  0.00000000e+00   0.00000000e+00   0.00000000e+00   0.00000000e+00
      8.26468244e-02   8.20778385e-02]
   [  0.00000000e+00   0.00000000e+00   0.00000000e+00   7.86755756e-02
      2.44349018e-01   7.54836947e-02]
   [  0.00000000e+00   0.00000000e+00   0.00000000e+00   3.05717420e-02
      1.78479347e-02   0.00000000e+00]
   [  0.00000000e+00   0.00000000e+00   0.00000000e+00   0.00000000e+00
      0.00000000e+00   0.00000000e+00]]

  [[  6.29662335e-01   7.90202260e-01   7.46904314e-01   6.32419825e-01
      5.38511336e-01   6.03816748e-01]
   [  5.80059350e-01   7.41171122e-01   9.00632203e-01   8.75007331e-01
      6.97250426e-01   6.37238681e-01]
   [  6.27231061e-01   6.27617121e-01   5.33726811e-01   5.39614558e-01
      5.25019765e-01   6.41155481e-01]
   [  5.94209433e-01   6.55333400e-01   4.89842594e-01   6.42331481e-01
      5.94272256e-01   6.54190600e-01]
   [  6.21964991e-01   7.19678044e-01   5.69462240e-01   5.70386112e-01
      6.46266162e-01   7.09036291e-01]
   [  6.85429513e-01   7.30280578e-01   5.88675141e-01   6.39327168e-01
      7.47615039e-01   7.88697362e-01]]

  [[  4.36108112e-01   7.38910854e-01   1.10055590e+00   8.54441047e-01
      3.69177282e-01   0.00000000e+00]
   [  5.60134389e-02   3.44369262e-01   5.93428552e-01   5.55495560e-01
      1.59463182e-01   0.00000000e+00]
   [  3.92206997e-01   6.48739159e-01   8.35326195e-01   5.57264507e-01
      2.82084316e-01   4.67482321e-02]
   [  3.89320970e-01   6.28672600e-01   9.60771739e-01   7.21066713e-01
      4.22811508e-01   9.50637236e-02]
   [  2.26354912e-01   5.23212969e-01   6.42841995e-01   5.36201477e-01
      1.51695684e-01   2.46197730e-02]
   [  1.56688124e-01   3.14786315e-01   5.48946142e-01   4.63058382e-01
      1.25231504e-01   6.75357208e-02]]

  [[  6.23055279e-01   1.53001845e+00   1.45292675e+00   4.99631345e-01
      0.00000000e+00   0.00000000e+00]
   [  3.54499996e-01   4.51262593e-01   2.27667317e-01   7.61144981e-03
      0.00000000e+00   0.00000000e+00]
   [  4.21120286e-01   5.10323405e-01   2.39121869e-01   1.73062742e-01
      0.00000000e+00   0.00000000e+00]
   [  5.97979844e-01   7.75135696e-01   5.24005592e-01   2.59568810e-01
      0.00000000e+00   0.00000000e+00]
   [  2.23626152e-01   4.26931590e-01   2.60392338e-01   0.00000000e+00
      0.00000000e+00   0.00000000e+00]
   [  2.63576835e-01   4.67028022e-01   2.41911516e-01   0.00000000e+00
      0.00000000e+00   4.77267168e-02]]

  [[  0.00000000e+00   0.00000000e+00   0.00000000e+00   4.66346264e-01
      8.76283228e-01   4.31151301e-01]
   [  0.00000000e+00   0.00000000e+00   0.00000000e+00   4.95800018e-01
      8.81975055e-01   5.07018268e-01]
   [  0.00000000e+00   0.00000000e+00   0.00000000e+00   5.65336227e-01
      6.36857927e-01   4.24508363e-01]
   [  0.00000000e+00   0.00000000e+00   0.00000000e+00   5.46303809e-01
      6.40211880e-01   3.53407621e-01]
   [  0.00000000e+00   0.00000000e+00   0.00000000e+00   6.61253214e-01
      5.69682002e-01   2.34581843e-01]
   [  0.00000000e+00   0.00000000e+00   0.00000000e+00   6.55986130e-01
      6.05797172e-01   2.36219123e-01]]

  [[  7.70868808e-02   0.00000000e+00   0.00000000e+00   0.00000000e+00
      0.00000000e+00   0.00000000e+00]
   [  0.00000000e+00   0.00000000e+00   0.00000000e+00   0.00000000e+00
      0.00000000e+00   0.00000000e+00]
   [  1.93326980e-01   0.00000000e+00   0.00000000e+00   0.00000000e+00
      0.00000000e+00   0.00000000e+00]
   [  5.76882884e-02   0.00000000e+00   0.00000000e+00   0.00000000e+00
      0.00000000e+00   0.00000000e+00]
   [  6.98213503e-02   8.31241533e-02   0.00000000e+00   0.00000000e+00
      0.00000000e+00   0.00000000e+00]
   [  0.00000000e+00   0.00000000e+00   0.00000000e+00   0.00000000e+00
      0.00000000e+00   0.00000000e+00]]

  [[  1.00710489e-01   0.00000000e+00   0.00000000e+00   0.00000000e+00
      0.00000000e+00   0.00000000e+00]
   [  3.10063690e-01   4.90644008e-01   4.41324085e-01   1.23891436e-01
      0.00000000e+00   0.00000000e+00]
   [  2.27528334e-01   3.92919928e-01   2.74165809e-01   0.00000000e+00
      0.00000000e+00   0.00000000e+00]
   [  1.38289720e-01   3.15615922e-01   1.77994937e-01   0.00000000e+00
      0.00000000e+00   0.00000000e+00]
   [  1.23143189e-01   3.22511941e-01   1.71768844e-01   0.00000000e+00
      0.00000000e+00   0.00000000e+00]
   [  1.15828805e-01   3.27215791e-01   2.30687499e-01   0.00000000e+00
      0.00000000e+00   0.00000000e+00]]

  [[  1.38866343e-02   0.00000000e+00   0.00000000e+00   0.00000000e+00
      0.00000000e+00   7.02200830e-02]
   [  0.00000000e+00   0.00000000e+00   0.00000000e+00   0.00000000e+00
      0.00000000e+00   7.69013613e-02]
   [  0.00000000e+00   0.00000000e+00   0.00000000e+00   1.31181106e-01
      1.59502432e-01   8.70117769e-02]
   [  0.00000000e+00   0.00000000e+00   0.00000000e+00   6.78795427e-02
      9.94704440e-02   8.61511081e-02]
   [  0.00000000e+00   0.00000000e+00   4.32273746e-03   1.28460914e-01
      1.64859101e-01   1.03853278e-01]
   [  0.00000000e+00   0.00000000e+00   0.00000000e+00   3.16384062e-02
      8.85154456e-02   5.33034503e-02]]

  [[  4.88191575e-01   5.96651077e-01   4.84648049e-01   2.06519574e-01
      2.47196436e-01   9.14982557e-02]
   [  4.25590932e-01   7.47795939e-01   9.02907610e-01   5.95200777e-01
      2.28194579e-01   9.73497704e-02]
   [  3.63919258e-01   5.54409385e-01   6.82356238e-01   4.06334460e-01
      7.84705020e-03   3.21577154e-02]
   [  5.45486450e-01   6.05625153e-01   6.46119118e-01   4.05603528e-01
      3.48428488e-02   0.00000000e+00]
   [  2.72778749e-01   5.82277060e-01   2.88122416e-01   2.65424252e-01
      0.00000000e+00   0.00000000e+00]
   [  1.54112741e-01   4.31592107e-01   1.89149171e-01   1.61362261e-01
      0.00000000e+00   0.00000000e+00]]

  [[  0.00000000e+00   0.00000000e+00   0.00000000e+00   0.00000000e+00
      0.00000000e+00   0.00000000e+00]
   [  0.00000000e+00   0.00000000e+00   0.00000000e+00   0.00000000e+00
      0.00000000e+00   0.00000000e+00]
   [  0.00000000e+00   0.00000000e+00   0.00000000e+00   0.00000000e+00
      0.00000000e+00   0.00000000e+00]
   [  0.00000000e+00   0.00000000e+00   0.00000000e+00   0.00000000e+00
      0.00000000e+00   0.00000000e+00]
   [  0.00000000e+00   0.00000000e+00   0.00000000e+00   0.00000000e+00
      0.00000000e+00   0.00000000e+00]
   [  0.00000000e+00   0.00000000e+00   0.00000000e+00   0.00000000e+00
      0.00000000e+00   0.00000000e+00]]

  [[  1.72291785e-01   2.28503063e-01   3.72182131e-01   2.97098786e-01
      8.05643797e-02   0.00000000e+00]
   [  2.29241803e-01   3.06125998e-01   3.08277726e-01   1.65738970e-01
      4.47697490e-02   5.08779958e-02]
   [  5.46986163e-02   8.19094107e-02   1.94304138e-02   0.00000000e+00
      5.77918440e-02   7.33606741e-02]
   [  1.39917925e-01   1.46954134e-01   1.09210327e-01   1.41469285e-01
      7.24616870e-02   8.64342898e-02]
   [  1.20181635e-01   5.95874414e-02   0.00000000e+00   8.27252194e-02
      3.22851464e-02   1.22303665e-01]
   [  1.17112041e-01   1.40106589e-01   7.28666857e-02   6.86646849e-02
      1.13782763e-01   1.86531216e-01]]

  [[  2.38382459e-01   5.09761989e-01   1.01233649e+00   1.02296519e+00
      4.60047811e-01   6.01895116e-02]
   [  1.19840972e-01   8.47679898e-02   2.48769939e-01   3.53362113e-01
      2.29043618e-01   1.21463709e-01]
   [  0.00000000e+00   0.00000000e+00   0.00000000e+00   1.33938044e-01
      2.47967601e-01   2.05298945e-01]
   [  0.00000000e+00   1.74864426e-01   2.88581163e-01   3.74643385e-01
      4.15637523e-01   2.15730578e-01]
   [  0.00000000e+00   0.00000000e+00   0.00000000e+00   1.90075547e-01
      1.89064950e-01   1.44720227e-01]
   [  0.00000000e+00   0.00000000e+00   0.00000000e+00   1.52484328e-01
      1.77403331e-01   1.55881628e-01]]

  [[  4.56877142e-01   6.21160924e-01   4.34282064e-01   3.68676245e-01
      4.79981899e-01   2.17652231e-01]
   [  5.81573725e-01   1.14217842e+00   1.48444211e+00   1.35055268e+00
      8.59399021e-01   2.89483815e-01]
   [  4.97772902e-01   8.08247447e-01   1.31735289e+00   1.18309057e+00
      5.76254725e-01   3.39412540e-01]
   [  4.57071155e-01   6.18835688e-01   1.12720656e+00   8.93382013e-01
      5.18163681e-01   3.91538531e-01]
   [  4.57220465e-01   6.84654653e-01   9.62385654e-01   9.25031185e-01
      6.29006147e-01   3.87645632e-01]
   [  6.85651422e-01   8.43805313e-01   1.11862946e+00   1.29212153e+00
      8.51578534e-01   5.27624607e-01]]

  [[  0.00000000e+00   0.00000000e+00   0.00000000e+00   2.18032330e-01
      7.17620850e-01   4.73405033e-01]
   [  0.00000000e+00   0.00000000e+00   9.25414190e-02   4.58400697e-02
      3.42469573e-01   4.33102310e-01]
   [  3.06046046e-02   3.03401768e-01   3.48961413e-01   3.25140893e-01
      3.65204185e-01   3.65309000e-01]
   [  0.00000000e+00   0.00000000e+00   0.00000000e+00   0.00000000e+00
      2.31640071e-01   2.43578777e-01]
   [  1.39945135e-01   1.86301515e-01   0.00000000e+00   3.25884670e-01
      3.27943295e-01   1.82002917e-01]
   [  2.03646496e-01   2.44556859e-01   2.29140501e-02   2.56306797e-01
      3.66252095e-01   2.23807141e-01]]

  [[  0.00000000e+00   0.00000000e+00   0.00000000e+00   0.00000000e+00
      0.00000000e+00   0.00000000e+00]
   [  0.00000000e+00   0.00000000e+00   0.00000000e+00   0.00000000e+00
      0.00000000e+00   0.00000000e+00]
   [  0.00000000e+00   0.00000000e+00   0.00000000e+00   0.00000000e+00
      0.00000000e+00   0.00000000e+00]
   [  0.00000000e+00   0.00000000e+00   0.00000000e+00   0.00000000e+00
      0.00000000e+00   0.00000000e+00]
   [  0.00000000e+00   0.00000000e+00   0.00000000e+00   0.00000000e+00
      0.00000000e+00   0.00000000e+00]
   [  0.00000000e+00   0.00000000e+00   0.00000000e+00   0.00000000e+00
      0.00000000e+00   0.00000000e+00]]

  [[  8.20374727e-01   5.38885355e-01   0.00000000e+00   0.00000000e+00
      0.00000000e+00   0.00000000e+00]
   [  5.41530609e-01   2.01072425e-01   0.00000000e+00   0.00000000e+00
      0.00000000e+00   0.00000000e+00]
   [  5.79876304e-01   5.82114756e-01   3.51554036e-01   0.00000000e+00
      0.00000000e+00   0.00000000e+00]
   [  4.63262528e-01   4.10333067e-01   0.00000000e+00   0.00000000e+00
      0.00000000e+00   0.00000000e+00]
   [  2.45227039e-01   5.75521290e-01   2.37502418e-02   0.00000000e+00
      0.00000000e+00   0.00000000e+00]
   [  2.44030222e-01   5.18279493e-01   1.94710135e-01   0.00000000e+00
      0.00000000e+00   1.32912900e-02]]

  [[  2.97656864e-01   5.60886741e-01   1.07886660e+00   1.41781604e+00
      1.16042900e+00   4.13268894e-01]
   [  3.27031285e-01   7.80767858e-01   1.20747936e+00   1.66518605e+00
      1.42636299e+00   5.47805965e-01]
   [  4.41341579e-01   8.10127854e-01   1.57727730e+00   1.91838515e+00
      1.45339334e+00   5.46816051e-01]
   [  3.53082895e-01   4.81846303e-01   1.32241893e+00   1.72539043e+00
      1.07352698e+00   4.93683904e-01]
   [  3.98926109e-01   4.63179946e-01   1.30064404e+00   1.65970874e+00
      1.03361523e+00   4.73840386e-01]
   [  5.19020855e-01   5.17294228e-01   1.21686804e+00   1.63062167e+00
      1.08887255e+00   5.31780422e-01]]

  [[  8.71228650e-02   1.16897471e-01   6.63100556e-02   0.00000000e+00
      0.00000000e+00   0.00000000e+00]
   [  9.71254557e-02   7.41932541e-02   4.42437008e-02   0.00000000e+00
      0.00000000e+00   0.00000000e+00]
   [  0.00000000e+00   0.00000000e+00   0.00000000e+00   0.00000000e+00
      0.00000000e+00   0.00000000e+00]
   [  1.22234914e-02   5.19053750e-02   0.00000000e+00   0.00000000e+00
      0.00000000e+00   0.00000000e+00]
   [  0.00000000e+00   0.00000000e+00   0.00000000e+00   0.00000000e+00
      0.00000000e+00   0.00000000e+00]
   [  0.00000000e+00   0.00000000e+00   0.00000000e+00   0.00000000e+00
      0.00000000e+00   0.00000000e+00]]

  [[  1.04377322e-01   2.36814514e-01   1.45441651e-01   4.40073665e-03
      0.00000000e+00   0.00000000e+00]
   [  1.12391107e-01   1.87979087e-01   1.66230679e-01   9.90183577e-02
      4.42000553e-02   0.00000000e+00]
   [  1.20554887e-01   1.26834854e-01   8.78700167e-02   6.27387986e-02
      0.00000000e+00   0.00000000e+00]
   [  1.08116858e-01   1.26250163e-01   1.19722687e-01   8.16300791e-03
      0.00000000e+00   0.00000000e+00]
   [  4.69426587e-02   6.48852959e-02   6.74445629e-02   0.00000000e+00
      0.00000000e+00   1.58484094e-03]
   [  6.22789972e-02   7.28133395e-02   5.99239059e-02   1.87625811e-02
      9.15631186e-03   2.37571932e-02]]

  [[  0.00000000e+00   0.00000000e+00   0.00000000e+00   0.00000000e+00
      0.00000000e+00   0.00000000e+00]
   [  0.00000000e+00   0.00000000e+00   0.00000000e+00   0.00000000e+00
      0.00000000e+00   0.00000000e+00]
   [  0.00000000e+00   0.00000000e+00   0.00000000e+00   0.00000000e+00
      0.00000000e+00   0.00000000e+00]
   [  0.00000000e+00   0.00000000e+00   0.00000000e+00   0.00000000e+00
      0.00000000e+00   0.00000000e+00]
   [  0.00000000e+00   0.00000000e+00   0.00000000e+00   0.00000000e+00
      0.00000000e+00   0.00000000e+00]
   [  0.00000000e+00   0.00000000e+00   0.00000000e+00   0.00000000e+00
      0.00000000e+00   0.00000000e+00]]

  [[  9.70137656e-01   1.11336946e+00   7.43728220e-01   4.98735189e-01
      6.83656037e-01   7.33431756e-01]
   [  1.03609908e+00   1.09941792e+00   8.42056811e-01   5.36429346e-01
      4.61716861e-01   5.99847019e-01]
   [  8.78800809e-01   1.01852226e+00   9.04278398e-01   6.27809823e-01
      6.15991175e-01   5.76808274e-01]
   [  9.71260130e-01   1.07873678e+00   1.12392139e+00   5.90260804e-01
      5.34406543e-01   5.70185840e-01]
   [  8.69163334e-01   1.03800035e+00   1.03652883e+00   5.81103444e-01
      5.48419416e-01   5.92292070e-01]
   [  6.75755024e-01   9.59466994e-01   9.72992957e-01   4.56895143e-01
      4.25891280e-01   5.51456094e-01]]]]