0.0112134
0.0677408
-0.000765375
0.0434695
0.0014481
0.0356478
0.0467695
-3.5227e-06
0.0541436
0.0011935
8.9821e-06
-0.00964232
0.0486058
0.0124997
-0.0255452
-4.93555e-06
0.0060146
0.0659108
-1.07881e-05
-6.57004e-06
0.0385509
0.000215541
-0.0111073
-5.1972e-06
0.175436
0.0128319
4.8248e-06
-0.00754385
-0.0200566
-0.0192591
0.00699268
0.0472901
0.0322159
-0.0201132
0.0167169
9.07022e-05
0.00752767
-1.43061e-06
-0.0224752
0.00455478
0.11097
0.0135362
-0.0317581
0.00882612
0.0158831
-0.0491625
0.0191682
-0.013847
-3.98776e-06
-0.00918659
-0.00685496
0.0169742
0.00368954
-1.00351e-05
0.00263862
-0.0192533
-0.0070052
-0.0138051
-1.49071e-06
0.103764
