0.00967619
0.00571318
-4.34617e-05
0.00864621
-0.00163772
0.00254229
-3.20117e-07
5.62898e-08
0.000476849
-0.00423182
-0.000217169
-1.83961e-05
0.000682433
-8.46068e-06
7.58112e-06
0.00289572
-1.6794e-05
-2.11082e-05
0.00213752
-2.46945e-05
0.00256723
-0.00129473
0.0210018
-4.54975e-07
0.00669135
0.00114562
-5.68829e-08
-0.00307174
0.00440454
0.00378989
0.00536525
-6.03706e-05
-0.000414359
4.03282e-06
-8.28234e-05
0.0225915
5.36219e-09
0.00584048
0.000998629
-0.00155086
0.00146016
-9.2762e-06
0.00418185
-0.00313344
0.000264333
0.00474277
-1.07978e-05
7.41293e-05
-6.18892e-06
0.00659048
-0.0019277
0.00338391
0.00157451
0.000980442
-0.0011446
0.0137689
0.00129664
0.00487854
-0.00256624
-0.00679671
-0.0023738
0.00309713
0.00337197
-0.00632038
2.38349e-05
-0.00148543
-0.00137901
0.00278881
3.96997e-06
-0.00216478
0.00717463
0.0132769
-0.00260233
0.0153323
-0.000186175
0.00271388
5.78699e-05
-1.5733e-05
0.00604439
0.000515476
